var temp;
temp = d3d_model_create();
d3d_model_primitive_begin(temp,pr_trianglelist);
d3d_model_vertex_normal_texture(temp, -5.656854, 0.000000, 2.343146, 0.729606, 0.000000, 0.683828, 0.628942, 0.396533);
d3d_model_vertex_normal_texture(temp, -2.164785, -2.164784, 0.608964, 0.298807, -0.298807, 0.906308, 0.530143, 0.472980);
d3d_model_vertex_normal_texture(temp, -4.000000, -3.999999, 2.343146, 0.515915, -0.515915, 0.683828, 0.500732, 0.396533);
d3d_model_vertex_normal_texture(temp, -7.391036, 0.000000, 4.938532, 0.868068, -0.359569, 0.342235, 0.648594, 0.295100);
d3d_model_vertex_normal_texture(temp, -4.000000, -3.999999, 2.343146, 0.515915, -0.515915, 0.683828, 0.500732, 0.396533);
d3d_model_vertex_normal_texture(temp, -5.226252, -5.226251, 4.938532, 0.868068, -0.359569, 0.342235, 0.481080, 0.295100);
d3d_model_vertex_normal_texture(temp, -8.000000, 0.000000, 8.000000, 0.923856, -0.382672, 0.000000, 0.655495, 0.184123);
d3d_model_vertex_normal_texture(temp, -5.226252, -5.226251, 4.938532, 0.868068, -0.359569, 0.342235, 0.481080, 0.295100);
d3d_model_vertex_normal_texture(temp, -5.656855, -5.656853, 8.000000, 0.923856, -0.382672, 0.000000, 0.474179, 0.184123);
d3d_model_vertex_normal_texture(temp, -7.391036, 0.000000, 11.061467, 0.868068, -0.359569, -0.342235, 0.648594, 0.080498);
d3d_model_vertex_normal_texture(temp, -5.656855, -5.656853, 8.000000, 0.923856, -0.382672, 0.000000, 0.474179, 0.184123);
d3d_model_vertex_normal_texture(temp, -5.226252, -5.226251, 11.061467, 0.868068, -0.359569, -0.342235, 0.481080, 0.080498);
d3d_model_vertex_normal_texture(temp, -5.656854, 0.000000, 13.656855, 0.729606, 0.000000, -0.683828, 0.628942, 0.000000);
d3d_model_vertex_normal_texture(temp, -5.226252, -5.226251, 11.061467, 0.868068, -0.359569, -0.342235, 0.481080, 0.080498);
d3d_model_vertex_normal_texture(temp, -4.000000, -3.999999, 13.656855, 0.515915, -0.515915, -0.683828, 0.500732, 0.000000);
d3d_model_vertex_normal_texture(temp, -5.656854, 0.000000, 13.656855, 0.729606, 0.000000, -0.683828, 0.745724, 0.405552);
d3d_model_vertex_normal_texture(temp, -2.164785, -2.164783, 15.391036, 0.298807, -0.298807, -0.906308, 0.731153, 0.255498);
d3d_model_vertex_normal_texture(temp, -3.061468, 0.000000, 15.391036, 0.422559, 0.000000, -0.906308, 0.779985, 0.314847);
d3d_model_vertex_normal_texture(temp, -4.000000, -3.999999, 2.343146, 0.515915, -0.515915, 0.683828, 0.691937, 0.584092);
d3d_model_vertex_normal_texture(temp, -0.000001, -3.061466, 0.608964, 0.000000, -0.422559, 0.906308, 0.757620, 0.695734);
d3d_model_vertex_normal_texture(temp, -0.000001, -5.656852, 2.343146, 0.000000, -0.729606, 0.683828, 0.691937, 0.737730);
d3d_model_vertex_normal_texture(temp, -5.226252, -5.226251, 4.938532, 0.359569, -0.868068, 0.342235, 0.481080, 0.295100);
d3d_model_vertex_normal_texture(temp, -0.000001, -5.656852, 2.343146, 0.000000, -0.729606, 0.683828, 0.410074, 0.416535);
d3d_model_vertex_normal_texture(temp, -0.000001, -7.391035, 4.938532, 0.359569, -0.868068, 0.342235, 0.362629, 0.321234);
d3d_model_vertex_normal_texture(temp, -5.656855, -5.656853, 8.000000, 0.382672, -0.923856, 0.000000, 0.474179, 0.184123);
d3d_model_vertex_normal_texture(temp, -0.000001, -7.391035, 4.938532, 0.359569, -0.868068, 0.342235, 0.362629, 0.321234);
d3d_model_vertex_normal_texture(temp, -0.000001, -7.999998, 8.000000, 0.382672, -0.923856, 0.000000, 0.345969, 0.212410);
d3d_model_vertex_normal_texture(temp, -5.226252, -5.226251, 11.061467, 0.359569, -0.868068, -0.342235, 0.079156, 0.493039);
d3d_model_vertex_normal_texture(temp, -0.000001, -7.999998, 8.000000, 0.382672, -0.923856, 0.000000, 0.193038, 0.627341);
d3d_model_vertex_normal_texture(temp, -0.000001, -7.391035, 11.061467, 0.359569, -0.868068, -0.342235, 0.100862, 0.635649);
d3d_model_vertex_normal_texture(temp, -4.000000, -3.999999, 13.656855, 0.515915, -0.515915, -0.683828, 0.000000, 0.550160);
d3d_model_vertex_normal_texture(temp, -0.000001, -7.391035, 11.061467, 0.359569, -0.868068, -0.342235, 0.100862, 0.635649);
d3d_model_vertex_normal_texture(temp, -0.000001, -5.656852, 13.656855, 0.000000, -0.729606, -0.683828, 0.016613, 0.659310);
d3d_model_vertex_normal_texture(temp, -2.164785, -2.164783, 15.391036, 0.298807, -0.298807, -0.906308, 0.731153, 0.255498);
d3d_model_vertex_normal_texture(temp, -0.000001, -5.656852, 13.656855, 0.000000, -0.729606, -0.683828, 0.655495, 0.142251);
d3d_model_vertex_normal_texture(temp, -0.000001, -3.061466, 15.391036, 0.000000, -0.422559, -0.906308, 0.731153, 0.172350);
d3d_model_vertex_normal_texture(temp, -0.000001, -5.656852, 2.343146, 0.000000, -0.729606, 0.683828, 0.691937, 0.737730);
d3d_model_vertex_normal_texture(temp, 2.164782, -2.164783, 0.608964, -0.298807, -0.298807, 0.906308, 0.806452, 0.753974);
d3d_model_vertex_normal_texture(temp, 3.999997, -3.999999, 2.343146, -0.515915, -0.515915, 0.683828, 0.782167, 0.845343);
d3d_model_vertex_normal_texture(temp, -0.000001, -5.656852, 2.343146, 0.000000, -0.729606, 0.683828, 0.345969, 0.659310);
d3d_model_vertex_normal_texture(temp, 5.226249, -5.226251, 4.938532, -0.359569, -0.868068, 0.342235, 0.279108, 0.837331);
d3d_model_vertex_normal_texture(temp, -0.000001, -7.391035, 4.938532, -0.359569, -0.868068, 0.342235, 0.279108, 0.635649);
d3d_model_vertex_normal_texture(temp, -0.000001, -7.999998, 8.000000, -0.382672, -0.923856, 0.000000, 0.193038, 0.627341);
d3d_model_vertex_normal_texture(temp, 5.226249, -5.226251, 4.938532, -0.359569, -0.868068, 0.342235, 0.279108, 0.837331);
d3d_model_vertex_normal_texture(temp, 5.656851, -5.656853, 8.000000, -0.382672, -0.923856, 0.000000, 0.193038, 0.845639);
d3d_model_vertex_normal_texture(temp, -0.000001, -7.391035, 11.061467, -0.359569, -0.868068, -0.342235, 0.100862, 0.635649);
d3d_model_vertex_normal_texture(temp, 5.656851, -5.656853, 8.000000, -0.382672, -0.923856, 0.000000, 0.193038, 0.845639);
d3d_model_vertex_normal_texture(temp, 5.226249, -5.226251, 11.061467, -0.359569, -0.868068, -0.342235, 0.100862, 0.837331);
d3d_model_vertex_normal_texture(temp, -0.000001, -5.656852, 13.656855, 0.000000, -0.729606, -0.683828, 0.016613, 0.659310);
d3d_model_vertex_normal_texture(temp, 5.226249, -5.226251, 11.061467, -0.359569, -0.868068, -0.342235, 0.100862, 0.837331);
d3d_model_vertex_normal_texture(temp, 3.999997, -3.999999, 13.656855, -0.515915, -0.515915, -0.683828, 0.016613, 0.813670);
d3d_model_vertex_normal_texture(temp, -0.000001, -5.656852, 13.656855, 0.000000, -0.729606, -0.683828, 0.655495, 0.142251);
d3d_model_vertex_normal_texture(temp, 2.164782, -2.164783, 15.391036, -0.298807, -0.298807, -0.906308, 0.779985, 0.114110);
d3d_model_vertex_normal_texture(temp, -0.000001, -3.061466, 15.391036, 0.000000, -0.422559, -0.906308, 0.731153, 0.172350);
d3d_model_vertex_normal_texture(temp, 2.164782, -2.164783, 0.608964, -0.298807, -0.298807, 0.906308, 0.806452, 0.753974);
d3d_model_vertex_normal_texture(temp, 5.656851, -0.000000, 2.343146, -0.729606, 0.000000, 0.683828, 0.909770, 0.843894);
d3d_model_vertex_normal_texture(temp, 3.999997, -3.999999, 2.343146, -0.515915, -0.515915, 0.683828, 0.782167, 0.845343);
d3d_model_vertex_normal_texture(temp, 5.226249, -5.226251, 4.938532, -0.868068, -0.359569, 0.342235, 0.770072, 0.911322);
d3d_model_vertex_normal_texture(temp, 5.656851, -0.000000, 2.343146, -0.729606, 0.000000, 0.683828, 0.909770, 0.843894);
d3d_model_vertex_normal_texture(temp, 7.391033, -0.000000, 4.938532, -0.868068, -0.359569, 0.342235, 0.936794, 0.909429);
d3d_model_vertex_normal_texture(temp, 5.656851, -5.656853, 8.000000, -0.923856, -0.382672, 0.000000, 0.193038, 0.845639);
d3d_model_vertex_normal_texture(temp, 7.391033, -0.000000, 4.938532, -0.868068, -0.359569, 0.342235, 0.257402, 0.979941);
d3d_model_vertex_normal_texture(temp, 7.999996, -0.000000, 8.000000, -0.923856, -0.382672, 0.000000, 0.169544, 1.000000);
d3d_model_vertex_normal_texture(temp, 5.226249, -5.226251, 11.061467, -0.868068, -0.359569, -0.342235, 0.100862, 0.837331);
d3d_model_vertex_normal_texture(temp, 7.999996, -0.000000, 8.000000, -0.923856, -0.382672, 0.000000, 0.169544, 1.000000);
d3d_model_vertex_normal_texture(temp, 7.391033, -0.000000, 11.061467, -0.868068, -0.359569, -0.342235, 0.079156, 0.979941);
d3d_model_vertex_normal_texture(temp, 3.999997, -3.999999, 13.656855, -0.515915, -0.515915, -0.683828, 0.016613, 0.813670);
d3d_model_vertex_normal_texture(temp, 7.391033, -0.000000, 11.061467, -0.868068, -0.359569, -0.342235, 0.079156, 0.979941);
d3d_model_vertex_normal_texture(temp, 5.656851, -0.000000, 13.656855, -0.729606, 0.000000, -0.683828, 0.000000, 0.922820);
d3d_model_vertex_normal_texture(temp, 2.164782, -2.164783, 15.391036, -0.298807, -0.298807, -0.906308, 0.779985, 0.114110);
d3d_model_vertex_normal_texture(temp, 5.656851, -0.000000, 13.656855, -0.729606, 0.000000, -0.683828, 0.873328, 0.036087);
d3d_model_vertex_normal_texture(temp, 3.061465, -0.000000, 15.391036, -0.422559, 0.000000, -0.906308, 0.849043, 0.114894);
d3d_model_vertex_normal_texture(temp, 5.656851, -0.000000, 2.343146, -0.729606, 0.000000, 0.683828, 0.909770, 0.843894);
d3d_model_vertex_normal_texture(temp, 2.164782, 2.164783, 0.608964, -0.298807, 0.298807, 0.906308, 0.924342, 0.693840);
d3d_model_vertex_normal_texture(temp, 3.999997, 3.999999, 2.343146, -0.515915, 0.515915, 0.683828, 1.000000, 0.734231);
d3d_model_vertex_normal_texture(temp, 7.391033, -0.000000, 4.938532, -0.868068, 0.359569, 0.342235, 0.302625, 0.392482);
d3d_model_vertex_normal_texture(temp, 3.999997, 3.999999, 2.343146, -0.515915, 0.515915, 0.683828, 0.154763, 0.472980);
d3d_model_vertex_normal_texture(temp, 5.226249, 5.226250, 4.938532, -0.868068, 0.359569, 0.342235, 0.135111, 0.392482);
d3d_model_vertex_normal_texture(temp, 7.999996, -0.000000, 8.000000, -0.923856, 0.382672, 0.000000, 0.309526, 0.288857);
d3d_model_vertex_normal_texture(temp, 5.226249, 5.226250, 4.938532, -0.868068, 0.359569, 0.342235, 0.135111, 0.392482);
d3d_model_vertex_normal_texture(temp, 5.656851, 5.656852, 8.000000, -0.923856, 0.382672, 0.000000, 0.128210, 0.288857);
d3d_model_vertex_normal_texture(temp, 7.391033, -0.000000, 11.061467, -0.868068, 0.359569, -0.342235, 0.302625, 0.177880);
d3d_model_vertex_normal_texture(temp, 5.656851, 5.656852, 8.000000, -0.923856, 0.382672, 0.000000, 0.128210, 0.288857);
d3d_model_vertex_normal_texture(temp, 5.226249, 5.226250, 11.061467, -0.868068, 0.359569, -0.342235, 0.135111, 0.177880);
d3d_model_vertex_normal_texture(temp, 7.391033, -0.000000, 11.061467, -0.868068, 0.359569, -0.342235, 0.302625, 0.177880);
d3d_model_vertex_normal_texture(temp, 3.999997, 3.999999, 13.656855, -0.515915, 0.515915, -0.683828, 0.154763, 0.076447);
d3d_model_vertex_normal_texture(temp, 5.656851, -0.000000, 13.656855, -0.729606, 0.000000, -0.683828, 0.282973, 0.076447);
d3d_model_vertex_normal_texture(temp, 3.061465, -0.000000, 15.391036, -0.422559, 0.000000, -0.906308, 0.253561, 0.000000);
d3d_model_vertex_normal_texture(temp, 3.999997, 3.999999, 13.656855, -0.515915, 0.515915, -0.683828, 0.154763, 0.076447);
d3d_model_vertex_normal_texture(temp, 2.164782, 2.164783, 15.391036, -0.298807, 0.298807, -0.906308, 0.184175, 0.000000);
d3d_model_vertex_normal_texture(temp, 3.999997, 3.999999, 2.343146, -0.515915, 0.515915, 0.683828, 1.000000, 0.734231);
d3d_model_vertex_normal_texture(temp, -0.000001, 3.061466, 0.608964, 0.000000, 0.422559, 0.906308, 0.924342, 0.610692);
d3d_model_vertex_normal_texture(temp, -0.000001, 5.656852, 2.343146, 0.000000, 0.729606, 0.683828, 1.000000, 0.580594);
d3d_model_vertex_normal_texture(temp, 5.226249, 5.226250, 4.938532, -0.359569, 0.868068, 0.342235, 0.612781, 0.493039);
d3d_model_vertex_normal_texture(temp, -0.000001, 5.656852, 2.343146, 0.000000, 0.729606, 0.683828, 0.675324, 0.659310);
d3d_model_vertex_normal_texture(temp, -0.000001, 7.391034, 4.938532, -0.359569, 0.868068, 0.342235, 0.591075, 0.635649);
d3d_model_vertex_normal_texture(temp, 5.656851, 5.656852, 8.000000, -0.382672, 0.923856, 0.000000, 0.522394, 0.472980);
d3d_model_vertex_normal_texture(temp, -0.000001, 7.391034, 4.938532, -0.359569, 0.868068, 0.342235, 0.591075, 0.635649);
d3d_model_vertex_normal_texture(temp, -0.000001, 7.999997, 8.000000, -0.382672, 0.923856, 0.000000, 0.498899, 0.627341);
d3d_model_vertex_normal_texture(temp, 5.226249, 5.226250, 11.061467, -0.359569, 0.868068, -0.342235, 0.135111, 0.177880);
d3d_model_vertex_normal_texture(temp, -0.000001, 7.999997, 8.000000, -0.382672, 0.923856, 0.000000, 0.000000, 0.260570);
d3d_model_vertex_normal_texture(temp, -0.000001, 7.391034, 11.061467, -0.359569, 0.868068, -0.342235, 0.016660, 0.151747);
d3d_model_vertex_normal_texture(temp, 5.226249, 5.226250, 11.061467, -0.359569, 0.868068, -0.342235, 0.135111, 0.177880);
d3d_model_vertex_normal_texture(temp, -0.000001, 5.656852, 13.656855, 0.000000, 0.729606, -0.683828, 0.064105, 0.056445);
d3d_model_vertex_normal_texture(temp, 3.999997, 3.999999, 13.656855, -0.515915, 0.515915, -0.683828, 0.154763, 0.076447);
d3d_model_vertex_normal_texture(temp, 2.164782, 2.164783, 15.391036, -0.298807, 0.298807, -0.906308, 0.897875, 0.174244);
d3d_model_vertex_normal_texture(temp, -0.000001, 5.656852, 13.656855, 0.000000, 0.729606, -0.683828, 0.963558, 0.299388);
d3d_model_vertex_normal_texture(temp, -0.000001, 3.061466, 15.391036, 0.000000, 0.422559, -0.906308, 0.897875, 0.257392);
d3d_model_vertex_normal_texture(temp, -0.000001, 5.656852, 2.343146, 0.000000, 0.729606, 0.683828, 1.000000, 0.580594);
d3d_model_vertex_normal_texture(temp, -2.164785, 2.164783, 0.608964, 0.298807, 0.298807, 0.906308, 0.875510, 0.552452);
d3d_model_vertex_normal_texture(temp, -4.000000, 3.999999, 2.343146, 0.515915, 0.515915, 0.683828, 0.909770, 0.472980);
d3d_model_vertex_normal_texture(temp, -0.000001, 7.391034, 4.938532, 0.359569, 0.868068, 0.342235, 0.591075, 0.635649);
d3d_model_vertex_normal_texture(temp, -4.000000, 3.999999, 2.343146, 0.515915, 0.515915, 0.683828, 0.675324, 0.813670);
d3d_model_vertex_normal_texture(temp, -5.226251, 5.226250, 4.938532, 0.359569, 0.868068, 0.342235, 0.591075, 0.837331);
d3d_model_vertex_normal_texture(temp, -0.000001, 7.391034, 4.938532, 0.359569, 0.868068, 0.342235, 0.591075, 0.635649);
d3d_model_vertex_normal_texture(temp, -5.656854, 5.656852, 8.000000, 0.382672, 0.923856, 0.000000, 0.498899, 0.845639);
d3d_model_vertex_normal_texture(temp, -0.000001, 7.999997, 8.000000, 0.382672, 0.923856, 0.000000, 0.498899, 0.627341);
d3d_model_vertex_normal_texture(temp, -0.000001, 7.391034, 11.061467, 0.359569, 0.868068, -0.342235, 0.412829, 0.635649);
d3d_model_vertex_normal_texture(temp, -5.656854, 5.656852, 8.000000, 0.382672, 0.923856, 0.000000, 0.498899, 0.845639);
d3d_model_vertex_normal_texture(temp, -5.226251, 5.226250, 11.061467, 0.359569, 0.868068, -0.342235, 0.412829, 0.837331);
d3d_model_vertex_normal_texture(temp, -0.000001, 7.391034, 11.061467, 0.359569, 0.868068, -0.342235, 0.412829, 0.635649);
d3d_model_vertex_normal_texture(temp, -4.000000, 3.999999, 13.656855, 0.515915, 0.515915, -0.683828, 0.345969, 0.813670);
d3d_model_vertex_normal_texture(temp, -0.000001, 5.656852, 13.656855, 0.000000, 0.729606, -0.683828, 0.345969, 0.659310);
d3d_model_vertex_normal_texture(temp, -0.000001, 5.656852, 13.656855, 0.000000, 0.729606, -0.683828, 0.963558, 0.299388);
d3d_model_vertex_normal_texture(temp, -2.164785, 2.164783, 15.391036, 0.298807, 0.298807, -0.906308, 0.849043, 0.315632);
d3d_model_vertex_normal_texture(temp, -0.000001, 3.061466, 15.391036, 0.000000, 0.422559, -0.906308, 0.897875, 0.257392);
d3d_model_vertex_normal_texture(temp, -0.000001, 0.000000, 0.000000, 0.000000, 0.000000, 1.000000, 0.839229, 0.651124);
d3d_model_vertex_normal_texture(temp, -2.164785, -2.164784, 0.608964, 0.298807, -0.298807, 0.906308, 0.757620, 0.612586);
d3d_model_vertex_normal_texture(temp, -3.061468, 0.000000, 0.608964, 0.422559, 0.000000, 0.906308, 0.806452, 0.553237);
d3d_model_vertex_normal_texture(temp, -3.061468, 0.000000, 15.391036, 0.422559, 0.000000, -0.906308, 0.779985, 0.314847);
d3d_model_vertex_normal_texture(temp, -2.164785, -2.164783, 15.391036, 0.298807, -0.298807, -0.906308, 0.731153, 0.255498);
d3d_model_vertex_normal_texture(temp, -0.000002, 0.000001, 16.000000, 0.000000, 0.000000, -1.000000, 0.816265, 0.212782);
d3d_model_vertex_normal_texture(temp, -0.000001, 0.000000, 0.000000, 0.000000, 0.000000, 1.000000, 0.839229, 0.651124);
d3d_model_vertex_normal_texture(temp, -0.000001, -3.061466, 0.608964, 0.000000, -0.422559, 0.906308, 0.757620, 0.695734);
d3d_model_vertex_normal_texture(temp, -2.164785, -2.164784, 0.608964, 0.298807, -0.298807, 0.906308, 0.757620, 0.612586);
d3d_model_vertex_normal_texture(temp, -2.164785, -2.164783, 15.391036, 0.298807, -0.298807, -0.906308, 0.731153, 0.255498);
d3d_model_vertex_normal_texture(temp, -0.000001, -3.061466, 15.391036, 0.000000, -0.422559, -0.906308, 0.731153, 0.172350);
d3d_model_vertex_normal_texture(temp, -0.000002, 0.000001, 16.000000, 0.000000, 0.000000, -1.000000, 0.816265, 0.212782);
d3d_model_vertex_normal_texture(temp, -0.000001, 0.000000, 0.000000, 0.000000, 0.000000, 1.000000, 0.839229, 0.651124);
d3d_model_vertex_normal_texture(temp, 2.164782, -2.164783, 0.608964, -0.298807, -0.298807, 0.906308, 0.806452, 0.753974);
d3d_model_vertex_normal_texture(temp, -0.000001, -3.061466, 0.608964, 0.000000, -0.422559, 0.906308, 0.757620, 0.695734);
d3d_model_vertex_normal_texture(temp, -0.000001, -3.061466, 15.391036, 0.000000, -0.422559, -0.906308, 0.731153, 0.172350);
d3d_model_vertex_normal_texture(temp, 2.164782, -2.164783, 15.391036, -0.298807, -0.298807, -0.906308, 0.779985, 0.114110);
d3d_model_vertex_normal_texture(temp, -0.000002, 0.000001, 16.000000, 0.000000, 0.000000, -1.000000, 0.816265, 0.212782);
d3d_model_vertex_normal_texture(temp, -0.000001, 0.000000, 0.000000, 0.000000, 0.000000, 1.000000, 0.839229, 0.651124);
d3d_model_vertex_normal_texture(temp, 3.061465, -0.000000, 0.608964, -0.422559, 0.000000, 0.906308, 0.875510, 0.753190);
d3d_model_vertex_normal_texture(temp, 2.164782, -2.164783, 0.608964, -0.298807, -0.298807, 0.906308, 0.806452, 0.753974);
d3d_model_vertex_normal_texture(temp, 2.164782, -2.164783, 15.391036, -0.298807, -0.298807, -0.906308, 0.779985, 0.114110);
d3d_model_vertex_normal_texture(temp, 3.061465, -0.000000, 15.391036, -0.422559, 0.000000, -0.906308, 0.849043, 0.114894);
d3d_model_vertex_normal_texture(temp, -0.000002, 0.000001, 16.000000, 0.000000, 0.000000, -1.000000, 0.816265, 0.212782);
d3d_model_vertex_normal_texture(temp, -0.000001, 0.000000, 0.000000, 0.000000, 0.000000, 1.000000, 0.839229, 0.651124);
d3d_model_vertex_normal_texture(temp, 2.164782, 2.164783, 0.608964, -0.298807, 0.298807, 0.906308, 0.924342, 0.693840);
d3d_model_vertex_normal_texture(temp, 3.061465, -0.000000, 0.608964, -0.422559, 0.000000, 0.906308, 0.875510, 0.753190);
d3d_model_vertex_normal_texture(temp, 3.061465, -0.000000, 15.391036, -0.422559, 0.000000, -0.906308, 0.849043, 0.114894);
d3d_model_vertex_normal_texture(temp, 2.164782, 2.164783, 15.391036, -0.298807, 0.298807, -0.906308, 0.897875, 0.174244);
d3d_model_vertex_normal_texture(temp, -0.000002, 0.000001, 16.000000, 0.000000, 0.000000, -1.000000, 0.816265, 0.212782);
d3d_model_vertex_normal_texture(temp, -0.000001, 0.000000, 0.000000, 0.000000, 0.000000, 1.000000, 0.839229, 0.651124);
d3d_model_vertex_normal_texture(temp, -0.000001, 3.061466, 0.608964, 0.000000, 0.422559, 0.906308, 0.924342, 0.610692);
d3d_model_vertex_normal_texture(temp, 2.164782, 2.164783, 0.608964, -0.298807, 0.298807, 0.906308, 0.924342, 0.693840);
d3d_model_vertex_normal_texture(temp, 2.164782, 2.164783, 15.391036, -0.298807, 0.298807, -0.906308, 0.897875, 0.174244);
d3d_model_vertex_normal_texture(temp, -0.000001, 3.061466, 15.391036, 0.000000, 0.422559, -0.906308, 0.897875, 0.257392);
d3d_model_vertex_normal_texture(temp, -0.000002, 0.000001, 16.000000, 0.000000, 0.000000, -1.000000, 0.816265, 0.212782);
d3d_model_vertex_normal_texture(temp, -0.000001, 0.000000, 0.000000, 0.000000, 0.000000, 1.000000, 0.839229, 0.651124);
d3d_model_vertex_normal_texture(temp, -2.164785, 2.164783, 0.608964, 0.298807, 0.298807, 0.906308, 0.875510, 0.552452);
d3d_model_vertex_normal_texture(temp, -0.000001, 3.061466, 0.608964, 0.000000, 0.422559, 0.906308, 0.924342, 0.610692);
d3d_model_vertex_normal_texture(temp, -0.000001, 3.061466, 15.391036, 0.000000, 0.422559, -0.906308, 0.897875, 0.257392);
d3d_model_vertex_normal_texture(temp, -2.164785, 2.164783, 15.391036, 0.298807, 0.298807, -0.906308, 0.849043, 0.315632);
d3d_model_vertex_normal_texture(temp, -0.000002, 0.000001, 16.000000, 0.000000, 0.000000, -1.000000, 0.816265, 0.212782);
d3d_model_vertex_normal_texture(temp, -0.000001, 0.000000, 0.000000, 0.000000, 0.000000, 1.000000, 0.839229, 0.651124);
d3d_model_vertex_normal_texture(temp, -3.061468, 0.000000, 0.608964, 0.422559, 0.000000, 0.906308, 0.806452, 0.553237);
d3d_model_vertex_normal_texture(temp, -2.164785, 2.164783, 0.608964, 0.298807, 0.298807, 0.906308, 0.875510, 0.552452);
d3d_model_vertex_normal_texture(temp, -4.000000, 3.999999, 2.343146, 0.515915, 0.515915, 0.683828, 0.909770, 0.472980);
d3d_model_vertex_normal_texture(temp, -3.061468, 0.000000, 0.608964, 0.422559, 0.000000, 0.906308, 0.806452, 0.553237);
d3d_model_vertex_normal_texture(temp, -5.656854, 0.000000, 2.343146, 0.729606, 0.000000, 0.683828, 0.782167, 0.474429);
d3d_model_vertex_normal_texture(temp, -5.226251, 5.226250, 4.938532, 0.868068, 0.359569, 0.342235, 0.591075, 0.837331);
d3d_model_vertex_normal_texture(temp, -5.656854, 0.000000, 2.343146, 0.729606, 0.000000, 0.683828, 0.691937, 0.922820);
d3d_model_vertex_normal_texture(temp, -7.391036, 0.000000, 4.938532, 0.868068, 0.359569, 0.342235, 0.612781, 0.979941);
d3d_model_vertex_normal_texture(temp, -5.656854, 5.656852, 8.000000, 0.923856, 0.382672, 0.000000, 0.498899, 0.845639);
d3d_model_vertex_normal_texture(temp, -7.391036, 0.000000, 4.938532, 0.868068, 0.359569, 0.342235, 0.612781, 0.979941);
d3d_model_vertex_normal_texture(temp, -8.000000, 0.000000, 8.000000, 0.923856, 0.382672, 0.000000, 0.522394, 1.000000);
d3d_model_vertex_normal_texture(temp, -5.226251, 5.226250, 11.061467, 0.868068, 0.359569, -0.342235, 0.412829, 0.837331);
d3d_model_vertex_normal_texture(temp, -8.000000, 0.000000, 8.000000, 0.923856, 0.382672, 0.000000, 0.522394, 1.000000);
d3d_model_vertex_normal_texture(temp, -7.391036, 0.000000, 11.061467, 0.868068, 0.359569, -0.342235, 0.434535, 0.979941);
d3d_model_vertex_normal_texture(temp, -4.000000, 3.999999, 13.656855, 0.515915, 0.515915, -0.683828, 0.873328, 0.407001);
d3d_model_vertex_normal_texture(temp, -7.391036, 0.000000, 11.061467, 0.868068, 0.359569, -0.342235, 0.718700, 0.471087);
d3d_model_vertex_normal_texture(temp, -5.656854, 0.000000, 13.656855, 0.729606, 0.000000, -0.683828, 0.745724, 0.405552);
d3d_model_vertex_normal_texture(temp, -2.164785, 2.164783, 15.391036, 0.298807, 0.298807, -0.906308, 0.849043, 0.315632);
d3d_model_vertex_normal_texture(temp, -5.656854, 0.000000, 13.656855, 0.729606, 0.000000, -0.683828, 0.745724, 0.405552);
d3d_model_vertex_normal_texture(temp, -3.061468, 0.000000, 15.391036, 0.422559, 0.000000, -0.906308, 0.779985, 0.314847);
d3d_model_vertex_normal_texture(temp, -2.164785, 2.164783, 15.391036, 0.298807, 0.298807, -0.906308, 0.849043, 0.315632);
d3d_model_vertex_normal_texture(temp, -3.061468, 0.000000, 15.391036, 0.422559, 0.000000, -0.906308, 0.779985, 0.314847);
d3d_model_vertex_normal_texture(temp, -0.000002, 0.000001, 16.000000, 0.000000, 0.000000, -1.000000, 0.816265, 0.212782);
d3d_model_vertex_normal_texture(temp, -3.061468, 0.000000, 0.608964, 0.422559, 0.000000, 0.906308, 0.599530, 0.472980);
d3d_model_vertex_normal_texture(temp, -2.164785, -2.164784, 0.608964, 0.298807, -0.298807, 0.906308, 0.530143, 0.472980);
d3d_model_vertex_normal_texture(temp, -5.656854, 0.000000, 2.343146, 0.729606, 0.000000, 0.683828, 0.628942, 0.396533);
d3d_model_vertex_normal_texture(temp, -5.656854, 0.000000, 2.343146, 0.729606, 0.000000, 0.683828, 0.628942, 0.396533);
d3d_model_vertex_normal_texture(temp, -4.000000, -3.999999, 2.343146, 0.515915, -0.515915, 0.683828, 0.500732, 0.396533);
d3d_model_vertex_normal_texture(temp, -7.391036, 0.000000, 4.938532, 0.868068, -0.359569, 0.342235, 0.648594, 0.295100);
d3d_model_vertex_normal_texture(temp, -7.391036, 0.000000, 4.938532, 0.868068, -0.359569, 0.342235, 0.648594, 0.295100);
d3d_model_vertex_normal_texture(temp, -5.226252, -5.226251, 4.938532, 0.868068, -0.359569, 0.342235, 0.481080, 0.295100);
d3d_model_vertex_normal_texture(temp, -8.000000, 0.000000, 8.000000, 0.923856, -0.382672, 0.000000, 0.655495, 0.184123);
d3d_model_vertex_normal_texture(temp, -8.000000, 0.000000, 8.000000, 0.923856, -0.382672, 0.000000, 0.655495, 0.184123);
d3d_model_vertex_normal_texture(temp, -5.656855, -5.656853, 8.000000, 0.923856, -0.382672, 0.000000, 0.474179, 0.184123);
d3d_model_vertex_normal_texture(temp, -7.391036, 0.000000, 11.061467, 0.868068, -0.359569, -0.342235, 0.648594, 0.080498);
d3d_model_vertex_normal_texture(temp, -7.391036, 0.000000, 11.061467, 0.868068, -0.359569, -0.342235, 0.648594, 0.080498);
d3d_model_vertex_normal_texture(temp, -5.226252, -5.226251, 11.061467, 0.868068, -0.359569, -0.342235, 0.481080, 0.080498);
d3d_model_vertex_normal_texture(temp, -5.656854, 0.000000, 13.656855, 0.729606, 0.000000, -0.683828, 0.628942, 0.000000);
d3d_model_vertex_normal_texture(temp, -4.000000, -3.999999, 13.656855, 0.515915, -0.515915, -0.683828, 0.655495, 0.295889);
d3d_model_vertex_normal_texture(temp, -2.164785, -2.164783, 15.391036, 0.298807, -0.298807, -0.906308, 0.731153, 0.255498);
d3d_model_vertex_normal_texture(temp, -5.656854, 0.000000, 13.656855, 0.729606, 0.000000, -0.683828, 0.745724, 0.405552);
d3d_model_vertex_normal_texture(temp, -2.164785, -2.164784, 0.608964, 0.298807, -0.298807, 0.906308, 0.757620, 0.612586);
d3d_model_vertex_normal_texture(temp, -0.000001, -3.061466, 0.608964, 0.000000, -0.422559, 0.906308, 0.757620, 0.695734);
d3d_model_vertex_normal_texture(temp, -4.000000, -3.999999, 2.343146, 0.515915, -0.515915, 0.683828, 0.691937, 0.584092);
d3d_model_vertex_normal_texture(temp, -4.000000, -3.999999, 2.343146, 0.515915, -0.515915, 0.683828, 0.500732, 0.396533);
d3d_model_vertex_normal_texture(temp, -0.000001, -5.656852, 2.343146, 0.000000, -0.729606, 0.683828, 0.410074, 0.416535);
d3d_model_vertex_normal_texture(temp, -5.226252, -5.226251, 4.938532, 0.359569, -0.868068, 0.342235, 0.481080, 0.295100);
d3d_model_vertex_normal_texture(temp, -5.226252, -5.226251, 4.938532, 0.359569, -0.868068, 0.342235, 0.481080, 0.295100);
d3d_model_vertex_normal_texture(temp, -0.000001, -7.391035, 4.938532, 0.359569, -0.868068, 0.342235, 0.362629, 0.321234);
d3d_model_vertex_normal_texture(temp, -5.656855, -5.656853, 8.000000, 0.382672, -0.923856, 0.000000, 0.474179, 0.184123);
d3d_model_vertex_normal_texture(temp, -5.656855, -5.656853, 8.000000, 0.382672, -0.923856, 0.000000, 0.169544, 0.472980);
d3d_model_vertex_normal_texture(temp, -0.000001, -7.999998, 8.000000, 0.382672, -0.923856, 0.000000, 0.193038, 0.627341);
d3d_model_vertex_normal_texture(temp, -5.226252, -5.226251, 11.061467, 0.359569, -0.868068, -0.342235, 0.079156, 0.493039);
d3d_model_vertex_normal_texture(temp, -5.226252, -5.226251, 11.061467, 0.359569, -0.868068, -0.342235, 0.079156, 0.493039);
d3d_model_vertex_normal_texture(temp, -0.000001, -7.391035, 11.061467, 0.359569, -0.868068, -0.342235, 0.100862, 0.635649);
d3d_model_vertex_normal_texture(temp, -4.000000, -3.999999, 13.656855, 0.515915, -0.515915, -0.683828, 0.000000, 0.550160);
d3d_model_vertex_normal_texture(temp, -4.000000, -3.999999, 13.656855, 0.515915, -0.515915, -0.683828, 0.655495, 0.295889);
d3d_model_vertex_normal_texture(temp, -0.000001, -5.656852, 13.656855, 0.000000, -0.729606, -0.683828, 0.655495, 0.142251);
d3d_model_vertex_normal_texture(temp, -2.164785, -2.164783, 15.391036, 0.298807, -0.298807, -0.906308, 0.731153, 0.255498);
d3d_model_vertex_normal_texture(temp, -0.000001, -3.061466, 0.608964, 0.000000, -0.422559, 0.906308, 0.757620, 0.695734);
d3d_model_vertex_normal_texture(temp, 2.164782, -2.164783, 0.608964, -0.298807, -0.298807, 0.906308, 0.806452, 0.753974);
d3d_model_vertex_normal_texture(temp, -0.000001, -5.656852, 2.343146, 0.000000, -0.729606, 0.683828, 0.691937, 0.737730);
d3d_model_vertex_normal_texture(temp, 3.999997, -3.999999, 2.343146, -0.515915, -0.515915, 0.683828, 0.345969, 0.813670);
d3d_model_vertex_normal_texture(temp, 5.226249, -5.226251, 4.938532, -0.359569, -0.868068, 0.342235, 0.279108, 0.837331);
d3d_model_vertex_normal_texture(temp, -0.000001, -5.656852, 2.343146, 0.000000, -0.729606, 0.683828, 0.345969, 0.659310);
d3d_model_vertex_normal_texture(temp, -0.000001, -7.391035, 4.938532, -0.359569, -0.868068, 0.342235, 0.279108, 0.635649);
d3d_model_vertex_normal_texture(temp, 5.226249, -5.226251, 4.938532, -0.359569, -0.868068, 0.342235, 0.279108, 0.837331);
d3d_model_vertex_normal_texture(temp, -0.000001, -7.999998, 8.000000, -0.382672, -0.923856, 0.000000, 0.193038, 0.627341);
d3d_model_vertex_normal_texture(temp, -0.000001, -7.999998, 8.000000, -0.382672, -0.923856, 0.000000, 0.193038, 0.627341);
d3d_model_vertex_normal_texture(temp, 5.656851, -5.656853, 8.000000, -0.382672, -0.923856, 0.000000, 0.193038, 0.845639);
d3d_model_vertex_normal_texture(temp, -0.000001, -7.391035, 11.061467, -0.359569, -0.868068, -0.342235, 0.100862, 0.635649);
d3d_model_vertex_normal_texture(temp, -0.000001, -7.391035, 11.061467, -0.359569, -0.868068, -0.342235, 0.100862, 0.635649);
d3d_model_vertex_normal_texture(temp, 5.226249, -5.226251, 11.061467, -0.359569, -0.868068, -0.342235, 0.100862, 0.837331);
d3d_model_vertex_normal_texture(temp, -0.000001, -5.656852, 13.656855, 0.000000, -0.729606, -0.683828, 0.016613, 0.659310);
d3d_model_vertex_normal_texture(temp, 3.999997, -3.999999, 13.656855, -0.515915, -0.515915, -0.683828, 0.745724, 0.034638);
d3d_model_vertex_normal_texture(temp, 2.164782, -2.164783, 15.391036, -0.298807, -0.298807, -0.906308, 0.779985, 0.114110);
d3d_model_vertex_normal_texture(temp, -0.000001, -5.656852, 13.656855, 0.000000, -0.729606, -0.683828, 0.655495, 0.142251);
d3d_model_vertex_normal_texture(temp, 3.061465, -0.000000, 0.608964, -0.422559, 0.000000, 0.906308, 0.875510, 0.753190);
d3d_model_vertex_normal_texture(temp, 5.656851, -0.000000, 2.343146, -0.729606, 0.000000, 0.683828, 0.909770, 0.843894);
d3d_model_vertex_normal_texture(temp, 2.164782, -2.164783, 0.608964, -0.298807, -0.298807, 0.906308, 0.806452, 0.753974);
d3d_model_vertex_normal_texture(temp, 3.999997, -3.999999, 2.343146, -0.515915, -0.515915, 0.683828, 0.782167, 0.845343);
d3d_model_vertex_normal_texture(temp, 5.656851, -0.000000, 2.343146, -0.729606, 0.000000, 0.683828, 0.909770, 0.843894);
d3d_model_vertex_normal_texture(temp, 5.226249, -5.226251, 4.938532, -0.868068, -0.359569, 0.342235, 0.770072, 0.911322);
d3d_model_vertex_normal_texture(temp, 5.226249, -5.226251, 4.938532, -0.868068, -0.359569, 0.342235, 0.279108, 0.837331);
d3d_model_vertex_normal_texture(temp, 7.391033, -0.000000, 4.938532, -0.868068, -0.359569, 0.342235, 0.257402, 0.979941);
d3d_model_vertex_normal_texture(temp, 5.656851, -5.656853, 8.000000, -0.923856, -0.382672, 0.000000, 0.193038, 0.845639);
d3d_model_vertex_normal_texture(temp, 5.656851, -5.656853, 8.000000, -0.923856, -0.382672, 0.000000, 0.193038, 0.845639);
d3d_model_vertex_normal_texture(temp, 7.999996, -0.000000, 8.000000, -0.923856, -0.382672, 0.000000, 0.169544, 1.000000);
d3d_model_vertex_normal_texture(temp, 5.226249, -5.226251, 11.061467, -0.868068, -0.359569, -0.342235, 0.100862, 0.837331);
d3d_model_vertex_normal_texture(temp, 5.226249, -5.226251, 11.061467, -0.868068, -0.359569, -0.342235, 0.100862, 0.837331);
d3d_model_vertex_normal_texture(temp, 7.391033, -0.000000, 11.061467, -0.868068, -0.359569, -0.342235, 0.079156, 0.979941);
d3d_model_vertex_normal_texture(temp, 3.999997, -3.999999, 13.656855, -0.515915, -0.515915, -0.683828, 0.016613, 0.813670);
d3d_model_vertex_normal_texture(temp, 3.999997, -3.999999, 13.656855, -0.515915, -0.515915, -0.683828, 0.745724, 0.034638);
d3d_model_vertex_normal_texture(temp, 5.656851, -0.000000, 13.656855, -0.729606, 0.000000, -0.683828, 0.873328, 0.036087);
d3d_model_vertex_normal_texture(temp, 2.164782, -2.164783, 15.391036, -0.298807, -0.298807, -0.906308, 0.779985, 0.114110);
d3d_model_vertex_normal_texture(temp, 3.061465, -0.000000, 0.608964, -0.422559, 0.000000, 0.906308, 0.875510, 0.753190);
d3d_model_vertex_normal_texture(temp, 2.164782, 2.164783, 0.608964, -0.298807, 0.298807, 0.906308, 0.924342, 0.693840);
d3d_model_vertex_normal_texture(temp, 5.656851, -0.000000, 2.343146, -0.729606, 0.000000, 0.683828, 0.909770, 0.843894);
d3d_model_vertex_normal_texture(temp, 5.656851, -0.000000, 2.343146, -0.729606, 0.000000, 0.683828, 0.282973, 0.472980);
d3d_model_vertex_normal_texture(temp, 3.999997, 3.999999, 2.343146, -0.515915, 0.515915, 0.683828, 0.154763, 0.472980);
d3d_model_vertex_normal_texture(temp, 7.391033, -0.000000, 4.938532, -0.868068, 0.359569, 0.342235, 0.302625, 0.392482);
d3d_model_vertex_normal_texture(temp, 7.391033, -0.000000, 4.938532, -0.868068, 0.359569, 0.342235, 0.302625, 0.392482);
d3d_model_vertex_normal_texture(temp, 5.226249, 5.226250, 4.938532, -0.868068, 0.359569, 0.342235, 0.135111, 0.392482);
d3d_model_vertex_normal_texture(temp, 7.999996, -0.000000, 8.000000, -0.923856, 0.382672, 0.000000, 0.309526, 0.288857);
d3d_model_vertex_normal_texture(temp, 7.999996, -0.000000, 8.000000, -0.923856, 0.382672, 0.000000, 0.309526, 0.288857);
d3d_model_vertex_normal_texture(temp, 5.656851, 5.656852, 8.000000, -0.923856, 0.382672, 0.000000, 0.128210, 0.288857);
d3d_model_vertex_normal_texture(temp, 7.391033, -0.000000, 11.061467, -0.868068, 0.359569, -0.342235, 0.302625, 0.177880);
d3d_model_vertex_normal_texture(temp, 5.226249, 5.226250, 11.061467, -0.868068, 0.359569, -0.342235, 0.135111, 0.177880);
d3d_model_vertex_normal_texture(temp, 3.999997, 3.999999, 13.656855, -0.515915, 0.515915, -0.683828, 0.154763, 0.076447);
d3d_model_vertex_normal_texture(temp, 7.391033, -0.000000, 11.061467, -0.868068, 0.359569, -0.342235, 0.302625, 0.177880);
d3d_model_vertex_normal_texture(temp, 5.656851, -0.000000, 13.656855, -0.729606, 0.000000, -0.683828, 0.282973, 0.076447);
d3d_model_vertex_normal_texture(temp, 3.999997, 3.999999, 13.656855, -0.515915, 0.515915, -0.683828, 0.154763, 0.076447);
d3d_model_vertex_normal_texture(temp, 3.061465, -0.000000, 15.391036, -0.422559, 0.000000, -0.906308, 0.253561, 0.000000);
d3d_model_vertex_normal_texture(temp, 2.164782, 2.164783, 0.608964, -0.298807, 0.298807, 0.906308, 0.924342, 0.693840);
d3d_model_vertex_normal_texture(temp, -0.000001, 3.061466, 0.608964, 0.000000, 0.422559, 0.906308, 0.924342, 0.610692);
d3d_model_vertex_normal_texture(temp, 3.999997, 3.999999, 2.343146, -0.515915, 0.515915, 0.683828, 1.000000, 0.734231);
d3d_model_vertex_normal_texture(temp, 3.999997, 3.999999, 2.343146, -0.515915, 0.515915, 0.683828, 0.691937, 0.550160);
d3d_model_vertex_normal_texture(temp, -0.000001, 5.656852, 2.343146, 0.000000, 0.729606, 0.683828, 0.675324, 0.659310);
d3d_model_vertex_normal_texture(temp, 5.226249, 5.226250, 4.938532, -0.359569, 0.868068, 0.342235, 0.612781, 0.493039);
d3d_model_vertex_normal_texture(temp, 5.226249, 5.226250, 4.938532, -0.359569, 0.868068, 0.342235, 0.612781, 0.493039);
d3d_model_vertex_normal_texture(temp, -0.000001, 7.391034, 4.938532, -0.359569, 0.868068, 0.342235, 0.591075, 0.635649);
d3d_model_vertex_normal_texture(temp, 5.656851, 5.656852, 8.000000, -0.382672, 0.923856, 0.000000, 0.522394, 0.472980);
d3d_model_vertex_normal_texture(temp, 5.656851, 5.656852, 8.000000, -0.382672, 0.923856, 0.000000, 0.128210, 0.288857);
d3d_model_vertex_normal_texture(temp, -0.000001, 7.999997, 8.000000, -0.382672, 0.923856, 0.000000, 0.000000, 0.260570);
d3d_model_vertex_normal_texture(temp, 5.226249, 5.226250, 11.061467, -0.359569, 0.868068, -0.342235, 0.135111, 0.177880);
d3d_model_vertex_normal_texture(temp, -0.000001, 7.391034, 11.061467, -0.359569, 0.868068, -0.342235, 0.016660, 0.151747);
d3d_model_vertex_normal_texture(temp, -0.000001, 5.656852, 13.656855, 0.000000, 0.729606, -0.683828, 0.064105, 0.056445);
d3d_model_vertex_normal_texture(temp, 5.226249, 5.226250, 11.061467, -0.359569, 0.868068, -0.342235, 0.135111, 0.177880);
d3d_model_vertex_normal_texture(temp, 3.999997, 3.999999, 13.656855, -0.515915, 0.515915, -0.683828, 0.963558, 0.145750);
d3d_model_vertex_normal_texture(temp, -0.000001, 5.656852, 13.656855, 0.000000, 0.729606, -0.683828, 0.963558, 0.299388);
d3d_model_vertex_normal_texture(temp, 2.164782, 2.164783, 15.391036, -0.298807, 0.298807, -0.906308, 0.897875, 0.174244);
d3d_model_vertex_normal_texture(temp, -0.000001, 3.061466, 0.608964, 0.000000, 0.422559, 0.906308, 0.924342, 0.610692);
d3d_model_vertex_normal_texture(temp, -2.164785, 2.164783, 0.608964, 0.298807, 0.298807, 0.906308, 0.875510, 0.552452);
d3d_model_vertex_normal_texture(temp, -0.000001, 5.656852, 2.343146, 0.000000, 0.729606, 0.683828, 1.000000, 0.580594);
d3d_model_vertex_normal_texture(temp, -0.000001, 5.656852, 2.343146, 0.000000, 0.729606, 0.683828, 0.675324, 0.659310);
d3d_model_vertex_normal_texture(temp, -4.000000, 3.999999, 2.343146, 0.515915, 0.515915, 0.683828, 0.675324, 0.813670);
d3d_model_vertex_normal_texture(temp, -0.000001, 7.391034, 4.938532, 0.359569, 0.868068, 0.342235, 0.591075, 0.635649);
d3d_model_vertex_normal_texture(temp, -5.226251, 5.226250, 4.938532, 0.359569, 0.868068, 0.342235, 0.591075, 0.837331);
d3d_model_vertex_normal_texture(temp, -5.656854, 5.656852, 8.000000, 0.382672, 0.923856, 0.000000, 0.498899, 0.845639);
d3d_model_vertex_normal_texture(temp, -0.000001, 7.391034, 4.938532, 0.359569, 0.868068, 0.342235, 0.591075, 0.635649);
d3d_model_vertex_normal_texture(temp, -0.000001, 7.999997, 8.000000, 0.382672, 0.923856, 0.000000, 0.498899, 0.627341);
d3d_model_vertex_normal_texture(temp, -5.656854, 5.656852, 8.000000, 0.382672, 0.923856, 0.000000, 0.498899, 0.845639);
d3d_model_vertex_normal_texture(temp, -0.000001, 7.391034, 11.061467, 0.359569, 0.868068, -0.342235, 0.412829, 0.635649);
d3d_model_vertex_normal_texture(temp, -5.226251, 5.226250, 11.061467, 0.359569, 0.868068, -0.342235, 0.412829, 0.837331);
d3d_model_vertex_normal_texture(temp, -4.000000, 3.999999, 13.656855, 0.515915, 0.515915, -0.683828, 0.345969, 0.813670);
d3d_model_vertex_normal_texture(temp, -0.000001, 7.391034, 11.061467, 0.359569, 0.868068, -0.342235, 0.412829, 0.635649);
d3d_model_vertex_normal_texture(temp, -4.000000, 3.999999, 13.656855, 0.515915, 0.515915, -0.683828, 0.873328, 0.407001);
d3d_model_vertex_normal_texture(temp, -2.164785, 2.164783, 15.391036, 0.298807, 0.298807, -0.906308, 0.849043, 0.315632);
d3d_model_vertex_normal_texture(temp, -0.000001, 5.656852, 13.656855, 0.000000, 0.729606, -0.683828, 0.963558, 0.299388);
d3d_model_vertex_normal_texture(temp, -2.164785, 2.164783, 0.608964, 0.298807, 0.298807, 0.906308, 0.875510, 0.552452);
d3d_model_vertex_normal_texture(temp, -3.061468, 0.000000, 0.608964, 0.422559, 0.000000, 0.906308, 0.806452, 0.553237);
d3d_model_vertex_normal_texture(temp, -4.000000, 3.999999, 2.343146, 0.515915, 0.515915, 0.683828, 0.909770, 0.472980);
d3d_model_vertex_normal_texture(temp, -4.000000, 3.999999, 2.343146, 0.515915, 0.515915, 0.683828, 0.675324, 0.813670);
d3d_model_vertex_normal_texture(temp, -5.656854, 0.000000, 2.343146, 0.729606, 0.000000, 0.683828, 0.691937, 0.922820);
d3d_model_vertex_normal_texture(temp, -5.226251, 5.226250, 4.938532, 0.868068, 0.359569, 0.342235, 0.591075, 0.837331);
d3d_model_vertex_normal_texture(temp, -5.226251, 5.226250, 4.938532, 0.868068, 0.359569, 0.342235, 0.591075, 0.837331);
d3d_model_vertex_normal_texture(temp, -7.391036, 0.000000, 4.938532, 0.868068, 0.359569, 0.342235, 0.612781, 0.979941);
d3d_model_vertex_normal_texture(temp, -5.656854, 5.656852, 8.000000, 0.923856, 0.382672, 0.000000, 0.498899, 0.845639);
d3d_model_vertex_normal_texture(temp, -5.656854, 5.656852, 8.000000, 0.923856, 0.382672, 0.000000, 0.498899, 0.845639);
d3d_model_vertex_normal_texture(temp, -8.000000, 0.000000, 8.000000, 0.923856, 0.382672, 0.000000, 0.522394, 1.000000);
d3d_model_vertex_normal_texture(temp, -5.226251, 5.226250, 11.061467, 0.868068, 0.359569, -0.342235, 0.412829, 0.837331);
d3d_model_vertex_normal_texture(temp, -5.226251, 5.226250, 11.061467, 0.868068, 0.359569, -0.342235, 0.885423, 0.472980);
d3d_model_vertex_normal_texture(temp, -7.391036, 0.000000, 11.061467, 0.868068, 0.359569, -0.342235, 0.718700, 0.471087);
d3d_model_vertex_normal_texture(temp, -4.000000, 3.999999, 13.656855, 0.515915, 0.515915, -0.683828, 0.873328, 0.407001);
d3d_model_vertex_normal_texture(temp, -4.000000, 3.999999, 13.656855, 0.515915, 0.515915, -0.683828, 0.873328, 0.407001);
d3d_model_vertex_normal_texture(temp, -5.656854, 0.000000, 13.656855, 0.729606, 0.000000, -0.683828, 0.745724, 0.405552);
d3d_model_vertex_normal_texture(temp, -2.164785, 2.164783, 15.391036, 0.298807, 0.298807, -0.906308, 0.849043, 0.315632);
d3d_model_primitive_end(temp);
return temp;