var temp;
temp = d3d_model_create();
d3d_model_primitive_begin(temp,pr_trianglelist);
d3d_model_vertex_normal_texture(temp, 6.083959, -6.105720, 14.753465, 0.000000, 1.000000, 0.000000, 0.962021, 0.025566);
d3d_model_vertex_normal_texture(temp, 7.861718, -6.105720, -0.036211, 0.000000, 0.999969, 0.000000, 1.000000, 0.337964);
d3d_model_vertex_normal_texture(temp, 6.083940, -6.105720, -0.036207, 0.000000, 0.999969, 0.000000, 0.962021, 0.337964);
d3d_model_vertex_normal_texture(temp, -8.210098, 8.449977, 16.551243, 0.000000, 1.000000, 0.000000, 0.386831, 0.650363);
d3d_model_vertex_normal_texture(temp, 7.897491, 8.449977, 14.551243, 0.000000, 1.000000, 0.000000, 0.429557, 0.310126);
d3d_model_vertex_normal_texture(temp, -8.210098, 8.449977, 14.551243, 0.000000, 1.000000, 0.000000, 0.429557, 0.650363);
d3d_model_vertex_normal_texture(temp, 7.897491, 8.449977, 16.551243, -1.000000, 0.000000, 0.000000, 0.344106, 0.650363);
d3d_model_vertex_normal_texture(temp, 7.897491, -8.102637, 14.551243, -1.000000, 0.000000, 0.000000, 0.386831, 0.300726);
d3d_model_vertex_normal_texture(temp, 7.897491, 8.449977, 14.551243, -1.000000, 0.000000, 0.000000, 0.386831, 0.650363);
d3d_model_vertex_normal_texture(temp, 7.897491, -8.102637, 16.551243, 0.000000, -1.000000, 0.000000, 0.000000, 0.650363);
d3d_model_vertex_normal_texture(temp, -8.210098, -8.102637, 14.551243, 0.000000, -1.000000, 0.000000, 0.042726, 0.310126);
d3d_model_vertex_normal_texture(temp, 7.897491, -8.102637, 14.551243, 0.000000, -1.000000, 0.000000, 0.042726, 0.650363);
d3d_model_vertex_normal_texture(temp, -8.210098, -8.102637, 16.551243, 1.000000, 0.000000, 0.000000, 0.301380, 0.650363);
d3d_model_vertex_normal_texture(temp, -8.210098, 8.449977, 14.551243, 1.000000, 0.000000, 0.000000, 0.344106, 0.300726);
d3d_model_vertex_normal_texture(temp, -8.210098, -8.102637, 14.551243, 1.000000, 0.000000, 0.000000, 0.344105, 0.650363);
d3d_model_vertex_normal_texture(temp, 7.861737, -6.105720, 14.753463, -1.000000, 0.000000, 0.000000, 0.954061, 1.000000);
d3d_model_vertex_normal_texture(temp, 7.861718, -7.883498, -0.036211, -1.000000, 0.000000, 0.000000, 0.916083, 0.687601);
d3d_model_vertex_normal_texture(temp, 7.861718, -6.105720, -0.036211, -1.000000, 0.000000, 0.000000, 0.954061, 0.687601);
d3d_model_vertex_normal_texture(temp, 7.861737, -7.883498, 14.753463, 0.000000, -1.000000, 0.000000, 0.620214, 0.000000);
d3d_model_vertex_normal_texture(temp, 6.083940, -7.883498, -0.036207, 0.000000, -1.000000, 0.000000, 0.658193, 0.312399);
d3d_model_vertex_normal_texture(temp, 7.861718, -7.883498, -0.036211, 0.000000, -0.999969, 0.000000, 0.620214, 0.312399);
d3d_model_vertex_normal_texture(temp, 6.083959, 8.116503, 14.753465, 0.000000, 1.000000, 0.000000, 0.954061, 0.687601);
d3d_model_vertex_normal_texture(temp, 7.861718, 8.116503, -0.036211, 0.000000, 0.999969, 0.000000, 0.992040, 1.000000);
d3d_model_vertex_normal_texture(temp, 6.083940, 8.116503, -0.036207, 0.000000, 0.999969, 0.000000, 0.954061, 1.000000);
d3d_model_vertex_normal_texture(temp, 6.083940, 8.116503, -0.036207, 0.000000, 0.000000, 1.000000, 0.261873, 0.310387);
d3d_model_vertex_normal_texture(temp, 7.861718, 6.338725, -0.036211, 0.000000, 0.000000, 1.000000, 0.223894, 0.272836);
d3d_model_vertex_normal_texture(temp, 6.083940, 6.338725, -0.036207, 0.000000, 0.000000, 1.000000, 0.261873, 0.272836);
d3d_model_vertex_normal_texture(temp, -8.138283, 8.116503, -0.036188, 0.000000, 0.000000, 1.000000, 0.391579, 0.310126);
d3d_model_vertex_normal_texture(temp, -6.360505, 6.338725, -0.036192, 0.000000, 0.000000, 1.000000, 0.429557, 0.272575);
d3d_model_vertex_normal_texture(temp, -8.138283, 6.338725, -0.036188, 0.000000, 0.000000, 1.000000, 0.429557, 0.310126);
d3d_model_vertex_normal_texture(temp, 6.083940, -6.105720, -0.036207, 0.000000, 0.000000, 1.000000, 0.734150, 0.274847);
d3d_model_vertex_normal_texture(temp, 7.861718, -7.883498, -0.036211, 0.000000, 0.000000, 1.000000, 0.696171, 0.312399);
d3d_model_vertex_normal_texture(temp, 6.083940, -7.883498, -0.036207, 0.000000, 0.000000, 1.000000, 0.696171, 0.274847);
d3d_model_vertex_normal_texture(temp, -8.138283, -6.105720, -0.036188, 0.000000, 0.000000, 1.000000, 0.080704, 0.272836);
d3d_model_vertex_normal_texture(temp, -6.360505, -7.883498, -0.036192, 0.000000, 0.000000, 1.000000, 0.042726, 0.310387);
d3d_model_vertex_normal_texture(temp, -8.138283, -7.883498, -0.036188, 0.000000, 0.000000, 1.000000, 0.042726, 0.272836);
d3d_model_vertex_normal_texture(temp, -8.138264, 6.338725, 14.753482, 1.000000, 0.000000, 0.000000, 0.848086, 0.000000);
d3d_model_vertex_normal_texture(temp, -8.138283, 8.116503, -0.036188, 1.000000, 0.000000, 0.000000, 0.886064, 0.312399);
d3d_model_vertex_normal_texture(temp, -8.138283, 6.338725, -0.036188, 1.000000, 0.000000, 0.000000, 0.848086, 0.312399);
d3d_model_vertex_normal_texture(temp, -6.360486, 8.116503, 14.753480, -1.000000, 0.000000, 0.000000, 1.000000, 0.650363);
d3d_model_vertex_normal_texture(temp, -6.360505, 6.338725, -0.036192, -1.000000, 0.000000, 0.000000, 0.962021, 0.337964);
d3d_model_vertex_normal_texture(temp, -6.360505, 8.116503, -0.036192, -1.000000, 0.000000, 0.000000, 1.000000, 0.337964);
d3d_model_vertex_normal_texture(temp, -8.138264, -7.883498, 14.753482, 0.000000, -0.999969, 0.000000, 0.810107, 0.000000);
d3d_model_vertex_normal_texture(temp, -6.360505, -7.883498, -0.036192, 0.000000, -0.999969, 0.000000, 0.772128, 0.312399);
d3d_model_vertex_normal_texture(temp, -6.360486, -7.883498, 14.753480, 0.000000, -1.000000, 0.000000, 0.772128, 0.000000);
d3d_model_vertex_normal_texture(temp, 6.083959, 6.338725, 14.753465, 1.000000, 0.000000, 0.000000, 0.924043, 0.337964);
d3d_model_vertex_normal_texture(temp, 6.083940, 8.116503, -0.036207, 1.000000, 0.000000, 0.000000, 0.962021, 0.650363);
d3d_model_vertex_normal_texture(temp, 6.083940, 6.338725, -0.036207, 1.000000, 0.000000, 0.000000, 0.924043, 0.650363);
d3d_model_vertex_normal_texture(temp, -6.360486, -6.105720, 14.753480, -1.000000, 0.000000, 0.000000, 0.924043, 0.650363);
d3d_model_vertex_normal_texture(temp, -6.360505, -7.883498, -0.036192, -1.000000, 0.000000, 0.000000, 0.886064, 0.337964);
d3d_model_vertex_normal_texture(temp, -6.360505, -6.105720, -0.036192, -1.000000, 0.000000, 0.000000, 0.924043, 0.337964);
d3d_model_vertex_normal_texture(temp, 7.861737, 8.116503, 14.753463, -1.000000, 0.000000, 0.000000, 0.620214, 0.312399);
d3d_model_vertex_normal_texture(temp, 7.861718, 6.338725, -0.036211, -1.000000, 0.000000, 0.000000, 0.582236, 0.000000);
d3d_model_vertex_normal_texture(temp, 7.861718, 8.116503, -0.036211, -1.000000, 0.000000, 0.000000, 0.620214, 0.000000);
d3d_model_vertex_normal_texture(temp, 6.083959, -7.883498, 14.753465, 1.000000, 0.000000, 0.000000, 0.658193, 0.000000);
d3d_model_vertex_normal_texture(temp, 6.083940, -6.105720, -0.036207, 1.000000, 0.000000, 0.000000, 0.696171, 0.312399);
d3d_model_vertex_normal_texture(temp, 6.083940, -7.883498, -0.036207, 1.000000, 0.000000, 0.000000, 0.658193, 0.312399);
d3d_model_vertex_normal_texture(temp, -8.138264, -6.105720, 14.753482, 0.000000, 0.999969, 0.000000, 0.886064, 0.025566);
d3d_model_vertex_normal_texture(temp, -6.360505, -6.105720, -0.036192, 0.000000, 0.999969, 0.000000, 0.924043, 0.337964);
d3d_model_vertex_normal_texture(temp, -8.138283, -6.105720, -0.036188, 0.000000, 0.999969, 0.000000, 0.886064, 0.337964);
d3d_model_vertex_normal_texture(temp, -8.138264, 6.338725, 14.753482, 0.000000, -0.999969, 0.000000, 0.582236, 0.000000);
d3d_model_vertex_normal_texture(temp, -6.360505, 6.338725, -0.036192, 0.000000, -0.999969, 0.000000, 0.544257, 0.312399);
d3d_model_vertex_normal_texture(temp, -6.360486, 6.338725, 14.753480, 0.000000, -1.000000, 0.000000, 0.544257, 0.000000);
d3d_model_vertex_normal_texture(temp, -8.138264, 8.116503, 14.753482, 0.000000, 0.999969, 0.000000, 0.924043, 0.025566);
d3d_model_vertex_normal_texture(temp, -6.360505, 8.116503, -0.036192, 0.000000, 0.999969, 0.000000, 0.962021, 0.337964);
d3d_model_vertex_normal_texture(temp, -8.138283, 8.116503, -0.036188, 0.000000, 0.999969, 0.000000, 0.924043, 0.337964);
d3d_model_vertex_normal_texture(temp, 7.861737, 6.338725, 14.753463, 0.000000, -1.000000, 0.000000, 0.734150, 0.000000);
d3d_model_vertex_normal_texture(temp, 6.083940, 6.338725, -0.036207, 0.000000, -1.000000, 0.000000, 0.772128, 0.312399);
d3d_model_vertex_normal_texture(temp, 7.861718, 6.338725, -0.036211, 0.000000, -0.999969, 0.000000, 0.734150, 0.312399);
d3d_model_vertex_normal_texture(temp, -8.138264, -7.883498, 14.753482, 1.000000, 0.000000, 0.000000, 0.506278, 0.000000);
d3d_model_vertex_normal_texture(temp, -8.138283, -6.105720, -0.036188, 1.000000, 0.000000, 0.000000, 0.544257, 0.312399);
d3d_model_vertex_normal_texture(temp, -8.138283, -7.883498, -0.036188, 1.000000, 0.000000, 0.000000, 0.506278, 0.312399);
d3d_model_vertex_normal_texture(temp, 4.306174, -7.883498, 16.345123, -1.000000, 0.000000, 0.000000, 0.734150, 0.312399);
d3d_model_vertex_normal_texture(temp, 4.306174, -6.105720, 32.345123, -1.000000, 0.000000, 0.000000, 0.772128, 0.650363);
d3d_model_vertex_normal_texture(temp, 4.306174, -7.883498, 32.345123, -1.000000, 0.000000, 0.000000, 0.734150, 0.650363);
d3d_model_vertex_normal_texture(temp, 0.750619, -6.105720, 16.345123, 0.000000, 1.000000, 0.000000, 0.764168, 1.000000);
d3d_model_vertex_normal_texture(temp, -1.027159, -6.105720, 32.345123, 0.000000, 1.000000, 0.000000, 0.726190, 0.662036);
d3d_model_vertex_normal_texture(temp, 0.750619, -6.105720, 32.345123, 0.000000, 1.000000, 0.000000, 0.764168, 0.662036);
d3d_model_vertex_normal_texture(temp, 6.083951, -6.105720, 16.345123, 1.000000, 0.000000, 0.000000, 0.544257, 0.650363);
d3d_model_vertex_normal_texture(temp, 6.083951, -7.883498, 32.345123, 1.000000, 0.000000, 0.000000, 0.506278, 0.312399);
d3d_model_vertex_normal_texture(temp, 6.083951, -6.105720, 32.345123, 1.000000, 0.000000, 0.000000, 0.544257, 0.312399);
d3d_model_vertex_normal_texture(temp, -2.804937, -6.105720, 32.345123, 0.000000, 0.000000, -0.999969, 0.000000, 0.272575);
d3d_model_vertex_normal_texture(temp, -4.582715, -7.883498, 32.345123, 0.000000, 0.000000, -0.999969, 0.037979, 0.310126);
d3d_model_vertex_normal_texture(temp, -2.804937, -7.883498, 32.345123, 0.000000, 0.000000, -1.000000, 0.000000, 0.310126);
d3d_model_vertex_normal_texture(temp, 0.750619, -6.105720, 32.345123, 0.000000, 0.000000, -1.000000, 0.429557, 0.310387);
d3d_model_vertex_normal_texture(temp, -1.027159, -7.883498, 32.345123, 0.000000, 0.000000, -1.000000, 0.467536, 0.272836);
d3d_model_vertex_normal_texture(temp, 0.750619, -7.883498, 32.345123, 0.000000, 0.000000, -1.000000, 0.467536, 0.310387);
d3d_model_vertex_normal_texture(temp, 4.306174, -6.105720, 32.345123, 0.000000, 0.000000, -1.000000, 0.118683, 0.310387);
d3d_model_vertex_normal_texture(temp, 2.528397, -7.883498, 32.345123, 0.000000, 0.000000, -1.000000, 0.080704, 0.272836);
d3d_model_vertex_normal_texture(temp, 4.306174, -7.883498, 32.345123, 0.000000, 0.000000, -1.000000, 0.118683, 0.272836);
d3d_model_vertex_normal_texture(temp, 6.083951, -6.105720, 32.345123, 0.000000, 0.000000, -1.000000, 0.468300, 0.274708);
d3d_model_vertex_normal_texture(temp, 7.868295, -7.883498, 32.345123, 0.000000, 0.000000, -1.000000, 0.506278, 0.312399);
d3d_model_vertex_normal_texture(temp, 7.861729, -6.105720, 32.345123, 0.000000, 0.000000, -1.000000, 0.468300, 0.312260);
d3d_model_vertex_normal_texture(temp, 2.528397, -6.105720, 16.345123, 1.000000, 0.000000, 0.000000, 0.726190, 1.000000);
d3d_model_vertex_normal_texture(temp, 2.528397, -7.883498, 32.345123, 1.000000, 0.000000, 0.000000, 0.688211, 0.662036);
d3d_model_vertex_normal_texture(temp, 2.528397, -6.105720, 32.345123, 1.000000, 0.000000, 0.000000, 0.726190, 0.662036);
d3d_model_vertex_normal_texture(temp, -2.804937, -6.105720, 16.345123, 0.000000, 1.000000, 0.000000, 0.886064, 0.650363);
d3d_model_vertex_normal_texture(temp, -4.582715, -6.105720, 32.345123, 0.000000, 1.000000, 0.000000, 0.848086, 0.312399);
d3d_model_vertex_normal_texture(temp, -2.804937, -6.105720, 32.345123, 0.000000, 1.000000, 0.000000, 0.886064, 0.312399);
d3d_model_vertex_normal_texture(temp, 0.750619, -7.883498, 16.345123, -1.000000, 0.000000, 0.000000, 0.696171, 0.312399);
d3d_model_vertex_normal_texture(temp, 0.750619, -6.105720, 32.345123, -1.000000, 0.000000, 0.000000, 0.734150, 0.650363);
d3d_model_vertex_normal_texture(temp, 0.750619, -7.883498, 32.345123, -1.000000, 0.000000, 0.000000, 0.696171, 0.650363);
d3d_model_vertex_normal_texture(temp, -6.360493, -7.883498, 16.345123, 0.000000, -1.000000, 0.000000, 0.696171, 0.312399);
d3d_model_vertex_normal_texture(temp, -8.138271, -7.883498, 32.345123, 0.000000, -1.000000, 0.000000, 0.658193, 0.650363);
d3d_model_vertex_normal_texture(temp, -8.138262, -7.883498, 16.353483, 0.000000, -1.000000, 0.000000, 0.658193, 0.312575);
d3d_model_vertex_normal_texture(temp, -1.027159, -6.105720, 16.345123, 1.000000, 0.000000, 0.000000, 0.810107, 0.650363);
d3d_model_vertex_normal_texture(temp, -1.027159, -7.883498, 32.345123, 1.000000, 0.000000, 0.000000, 0.772128, 0.312399);
d3d_model_vertex_normal_texture(temp, -1.027159, -6.105720, 32.345123, 1.000000, 0.000000, 0.000000, 0.810107, 0.312399);
d3d_model_vertex_normal_texture(temp, -6.360493, -6.105720, 16.345123, 0.000000, 1.000000, 0.000000, 0.878104, 1.000000);
d3d_model_vertex_normal_texture(temp, -8.138271, -6.105720, 32.345123, 0.000000, 1.000000, 0.000000, 0.840125, 0.662036);
d3d_model_vertex_normal_texture(temp, -6.360493, -6.105720, 32.345123, 0.000000, 1.000000, 0.000000, 0.878104, 0.662036);
d3d_model_vertex_normal_texture(temp, -2.804937, -7.883498, 16.345123, -1.000000, 0.000000, 0.000000, 0.764168, 0.662036);
d3d_model_vertex_normal_texture(temp, -2.804937, -6.105720, 32.345123, -1.000000, 0.000000, 0.000000, 0.802147, 1.000000);
d3d_model_vertex_normal_texture(temp, -2.804937, -7.883498, 32.345123, -1.000000, 0.000000, 0.000000, 0.764168, 1.000000);
d3d_model_vertex_normal_texture(temp, 2.528397, -7.883498, 16.345123, 0.000000, -1.000000, 0.000000, 0.223894, 0.650363);
d3d_model_vertex_normal_texture(temp, 4.306174, -7.883498, 32.345123, 0.000000, -1.000000, 0.000000, 0.185916, 0.312399);
d3d_model_vertex_normal_texture(temp, 2.528397, -7.883498, 32.345123, 0.000000, -1.000000, 0.000000, 0.223894, 0.312399);
d3d_model_vertex_normal_texture(temp, -4.582715, -6.105720, 16.345123, 1.000000, 0.000000, 0.000000, 0.620214, 0.650363);
d3d_model_vertex_normal_texture(temp, -4.582715, -7.883498, 32.345123, 1.000000, 0.000000, 0.000000, 0.582236, 0.312399);
d3d_model_vertex_normal_texture(temp, -4.582715, -6.105720, 32.345123, 1.000000, 0.000000, 0.000000, 0.620214, 0.312399);
d3d_model_vertex_normal_texture(temp, -6.360493, -7.883498, 16.345123, -1.000000, 0.000000, 0.000000, 0.802147, 0.662036);
d3d_model_vertex_normal_texture(temp, -6.360493, -6.105720, 32.345123, -0.707083, 0.000000, -0.707083, 0.840125, 1.000000);
d3d_model_vertex_normal_texture(temp, -6.360493, -7.883498, 32.345123, -1.000000, 0.000000, 0.000000, 0.802147, 1.000000);
d3d_model_vertex_normal_texture(temp, 7.861729, -6.105720, 16.345123, 0.000000, 1.000000, 0.000000, 0.848086, 0.650363);
d3d_model_vertex_normal_texture(temp, 6.083951, -6.105720, 32.345123, 0.000000, 1.000000, 0.000000, 0.810107, 0.312399);
d3d_model_vertex_normal_texture(temp, 7.861729, -6.105720, 32.345123, 0.000000, 1.000000, 0.000000, 0.848086, 0.312399);
d3d_model_vertex_normal_texture(temp, -1.027159, -7.883498, 16.345123, 0.000000, -1.000000, 0.000000, 0.506278, 0.650363);
d3d_model_vertex_normal_texture(temp, 0.750619, -7.883498, 32.345123, 0.000000, -1.000000, 0.000000, 0.468300, 0.312399);
d3d_model_vertex_normal_texture(temp, -1.027159, -7.883498, 32.345123, 0.000000, -1.000000, 0.000000, 0.506278, 0.312399);
d3d_model_vertex_normal_texture(temp, -8.138271, -6.105720, 16.345123, 1.000000, 0.000000, 0.000000, 0.582236, 0.650363);
d3d_model_vertex_normal_texture(temp, -8.138271, -7.883498, 32.345123, 1.000000, 0.000000, 0.000000, 0.544257, 0.312399);
d3d_model_vertex_normal_texture(temp, -8.138271, -6.105720, 32.345123, 0.707083, 0.000000, -0.707083, 0.582236, 0.312399);
d3d_model_vertex_normal_texture(temp, 4.306174, -6.105720, 16.345123, 0.000000, 1.000000, 0.000000, 0.916082, 1.000000);
d3d_model_vertex_normal_texture(temp, 2.528397, -6.105720, 32.345123, 0.000000, 1.000000, 0.000000, 0.878104, 0.662036);
d3d_model_vertex_normal_texture(temp, 4.306174, -6.105720, 32.345123, 0.000000, 1.000000, 0.000000, 0.916082, 0.662036);
d3d_model_vertex_normal_texture(temp, -4.582715, -7.883498, 16.345123, 0.000000, -1.000000, 0.000000, 0.157566, 0.650363);
d3d_model_vertex_normal_texture(temp, -2.804937, -7.883498, 32.345123, 0.000000, -1.000000, 0.000000, 0.119587, 0.312399);
d3d_model_vertex_normal_texture(temp, -4.582715, -7.883498, 32.345123, 0.000000, -1.000000, 0.000000, 0.157566, 0.312399);
d3d_model_vertex_normal_texture(temp, 6.083951, -7.883498, 16.345123, 0.000000, -1.000000, 0.000000, 0.081469, 0.312399);
d3d_model_vertex_normal_texture(temp, 7.868295, -7.883498, 32.345123, 0.000000, -0.999969, 0.000000, 0.119587, 0.650363);
d3d_model_vertex_normal_texture(temp, 6.083951, -7.883498, 32.345123, 0.000000, -1.000000, 0.000000, 0.081469, 0.650363);
d3d_model_vertex_normal_texture(temp, 7.861729, -6.105720, 16.345123, -0.999969, 0.000244, 0.000366, 0.620214, 0.650363);
d3d_model_vertex_normal_texture(temp, 7.868295, -7.883498, 32.345123, -0.999969, 0.003418, 0.000000, 0.658193, 0.312399);
d3d_model_vertex_normal_texture(temp, 7.861729, -7.883498, 16.345123, -0.999969, 0.000000, 0.000397, 0.658193, 0.650363);
d3d_model_vertex_normal_texture(temp, -6.360493, -7.883498, 32.345123, 0.000000, 0.000000, -1.000000, 0.300616, 0.310388);
d3d_model_vertex_normal_texture(temp, -8.138271, -6.105720, 32.345123, 0.707083, 0.000000, -0.707083, 0.262637, 0.272836);
d3d_model_vertex_normal_texture(temp, -8.138271, -7.883498, 32.345123, 0.000000, 0.000000, -1.000000, 0.300616, 0.272836);
d3d_model_vertex_normal_texture(temp, -8.210098, -8.102637, 14.551243, 0.000000, 0.000000, 1.000000, 0.344106, 1.000000);
d3d_model_vertex_normal_texture(temp, 7.897491, 8.449977, 14.551243, 0.000000, 0.000000, 1.000000, 0.688211, 0.650363);
d3d_model_vertex_normal_texture(temp, 7.897491, -8.102637, 14.551243, 0.000000, 0.000000, 1.000000, 0.688211, 1.000000);
d3d_model_vertex_normal_texture(temp, 7.897491, -8.102637, 16.551243, 0.000000, 0.000000, -1.000000, 0.344106, 0.650363);
d3d_model_vertex_normal_texture(temp, -8.210098, 8.449977, 16.551243, 0.000000, 0.000000, -1.000000, 0.000000, 1.000000);
d3d_model_vertex_normal_texture(temp, -8.210098, -8.102637, 16.551243, 0.000000, 0.000000, -1.000000, 0.000000, 0.650363);
d3d_model_vertex_normal_texture(temp, -8.168211, -7.914291, 34.071545, 1.000000, 0.000000, 0.000000, 0.118823, 0.312399);
d3d_model_vertex_normal_texture(temp, -8.168211, -6.100752, 32.258007, 1.000000, 0.000000, 0.000000, 0.157566, 0.274092);
d3d_model_vertex_normal_texture(temp, -8.168211, -7.914291, 32.258007, 1.000000, 0.000000, 0.000000, 0.157566, 0.312399);
d3d_model_vertex_normal_texture(temp, 7.927008, -7.914291, 34.071545, 0.000000, -1.000000, 0.000000, 0.468300, 0.310387);
d3d_model_vertex_normal_texture(temp, -8.168211, -7.914291, 32.258007, 0.000000, -1.000000, 0.000000, 0.429557, 0.650363);
d3d_model_vertex_normal_texture(temp, 7.927008, -7.914291, 32.258007, 0.000000, -1.000000, 0.000000, 0.429557, 0.310387);
d3d_model_vertex_normal_texture(temp, 7.927008, -6.100752, 34.071545, -1.000000, 0.000000, 0.000000, 0.157566, 0.312399);
d3d_model_vertex_normal_texture(temp, 7.927008, -7.914291, 32.258007, -1.000000, 0.000000, 0.000000, 0.196308, 0.274092);
d3d_model_vertex_normal_texture(temp, 7.927008, -6.100752, 32.258007, -1.000000, 0.000000, 0.000000, 0.196308, 0.312399);
d3d_model_vertex_normal_texture(temp, -8.168211, -6.100752, 34.071545, 0.000000, 1.000000, 0.000000, 0.262637, 0.310388);
d3d_model_vertex_normal_texture(temp, 7.927008, -6.100752, 32.258007, 0.000000, 1.000000, 0.000000, 0.223894, 0.650363);
d3d_model_vertex_normal_texture(temp, -8.168211, -6.100752, 32.258007, 0.000000, 1.000000, 0.000000, 0.223894, 0.310388);
d3d_model_vertex_normal_texture(temp, -8.168211, -7.914291, 32.258007, 0.000000, 0.000000, 0.999969, 0.262637, 0.310388);
d3d_model_vertex_normal_texture(temp, 7.927008, -6.100752, 32.258007, 0.000000, 0.000000, 0.999969, 0.301380, 0.650363);
d3d_model_vertex_normal_texture(temp, 7.927008, -7.914291, 32.258007, 0.000000, 0.000000, 1.000000, 0.262637, 0.650363);
d3d_model_vertex_normal_texture(temp, 7.927008, -7.914291, 34.071545, 0.000000, 0.000000, -0.999969, 0.081468, 0.650363);
d3d_model_vertex_normal_texture(temp, -8.168211, -6.100752, 34.071545, 0.000000, 0.000000, -0.999969, 0.042726, 0.310388);
d3d_model_vertex_normal_texture(temp, -8.168211, -7.914291, 34.071545, 0.000000, 0.000000, -1.000000, 0.081469, 0.310388);
d3d_model_vertex_normal_texture(temp, 7.861737, -6.105720, 14.753463, 0.000000, 1.000000, 0.000000, 1.000000, 0.025566);
d3d_model_vertex_normal_texture(temp, 7.861718, -6.105720, -0.036211, 0.000000, 0.999969, 0.000000, 1.000000, 0.337964);
d3d_model_vertex_normal_texture(temp, 6.083959, -6.105720, 14.753465, 0.000000, 1.000000, 0.000000, 0.962021, 0.025566);
d3d_model_vertex_normal_texture(temp, 7.897491, 8.449977, 16.551243, 0.000000, 1.000000, 0.000000, 0.386831, 0.310126);
d3d_model_vertex_normal_texture(temp, 7.897491, 8.449977, 14.551243, 0.000000, 1.000000, 0.000000, 0.429557, 0.310126);
d3d_model_vertex_normal_texture(temp, -8.210098, 8.449977, 16.551243, 0.000000, 1.000000, 0.000000, 0.386831, 0.650363);
d3d_model_vertex_normal_texture(temp, 7.897491, -8.102637, 16.551243, -1.000000, 0.000000, 0.000000, 0.344106, 0.300726);
d3d_model_vertex_normal_texture(temp, 7.897491, -8.102637, 14.551243, -1.000000, 0.000000, 0.000000, 0.386831, 0.300726);
d3d_model_vertex_normal_texture(temp, 7.897491, 8.449977, 16.551243, -1.000000, 0.000000, 0.000000, 0.344106, 0.650363);
d3d_model_vertex_normal_texture(temp, -8.210098, -8.102637, 16.551243, 0.000000, -1.000000, 0.000000, 0.000000, 0.310126);
d3d_model_vertex_normal_texture(temp, -8.210098, -8.102637, 14.551243, 0.000000, -1.000000, 0.000000, 0.042726, 0.310126);
d3d_model_vertex_normal_texture(temp, 7.897491, -8.102637, 16.551243, 0.000000, -1.000000, 0.000000, 0.000000, 0.650363);
d3d_model_vertex_normal_texture(temp, -8.210098, 8.449977, 16.551243, 1.000000, 0.000000, 0.000000, 0.301380, 0.300726);
d3d_model_vertex_normal_texture(temp, -8.210098, 8.449977, 14.551243, 1.000000, 0.000000, 0.000000, 0.344106, 0.300726);
d3d_model_vertex_normal_texture(temp, -8.210098, -8.102637, 16.551243, 1.000000, 0.000000, 0.000000, 0.301380, 0.650363);
d3d_model_vertex_normal_texture(temp, 7.861737, -7.883498, 14.753463, -1.000000, 0.000000, 0.000000, 0.916082, 1.000000);
d3d_model_vertex_normal_texture(temp, 7.861718, -7.883498, -0.036211, -1.000000, 0.000000, 0.000000, 0.916083, 0.687601);
d3d_model_vertex_normal_texture(temp, 7.861737, -6.105720, 14.753463, -1.000000, 0.000000, 0.000000, 0.954061, 1.000000);
d3d_model_vertex_normal_texture(temp, 6.083959, -7.883498, 14.753465, 0.000000, -0.999969, 0.000000, 0.658193, 0.000000);
d3d_model_vertex_normal_texture(temp, 6.083940, -7.883498, -0.036207, 0.000000, -1.000000, 0.000000, 0.658193, 0.312399);
d3d_model_vertex_normal_texture(temp, 7.861737, -7.883498, 14.753463, 0.000000, -1.000000, 0.000000, 0.620214, 0.000000);
d3d_model_vertex_normal_texture(temp, 7.861737, 8.116503, 14.753463, 0.000000, 1.000000, 0.000000, 0.992040, 0.687601);
d3d_model_vertex_normal_texture(temp, 7.861718, 8.116503, -0.036211, 0.000000, 0.999969, 0.000000, 0.992040, 1.000000);
d3d_model_vertex_normal_texture(temp, 6.083959, 8.116503, 14.753465, 0.000000, 1.000000, 0.000000, 0.954061, 0.687601);
d3d_model_vertex_normal_texture(temp, 7.861718, 8.116503, -0.036211, 0.000000, 0.000000, 1.000000, 0.223894, 0.310387);
d3d_model_vertex_normal_texture(temp, 7.861718, 6.338725, -0.036211, 0.000000, 0.000000, 1.000000, 0.223894, 0.272836);
d3d_model_vertex_normal_texture(temp, 6.083940, 8.116503, -0.036207, 0.000000, 0.000000, 1.000000, 0.261873, 0.310387);
d3d_model_vertex_normal_texture(temp, -6.360505, 8.116503, -0.036192, 0.000000, 0.000000, 1.000000, 0.391579, 0.272575);
d3d_model_vertex_normal_texture(temp, -6.360505, 6.338725, -0.036192, 0.000000, 0.000000, 1.000000, 0.429557, 0.272575);
d3d_model_vertex_normal_texture(temp, -8.138283, 8.116503, -0.036188, 0.000000, 0.000000, 1.000000, 0.391579, 0.310126);
d3d_model_vertex_normal_texture(temp, 7.861718, -6.105720, -0.036211, 0.000000, 0.000000, 1.000000, 0.734150, 0.312399);
d3d_model_vertex_normal_texture(temp, 7.861718, -7.883498, -0.036211, 0.000000, 0.000000, 1.000000, 0.696171, 0.312399);
d3d_model_vertex_normal_texture(temp, 6.083940, -6.105720, -0.036207, 0.000000, 0.000000, 1.000000, 0.734150, 0.274847);
d3d_model_vertex_normal_texture(temp, -6.360505, -6.105720, -0.036192, 0.000000, 0.000000, 1.000000, 0.080704, 0.310387);
d3d_model_vertex_normal_texture(temp, -6.360505, -7.883498, -0.036192, 0.000000, 0.000000, 1.000000, 0.042726, 0.310387);
d3d_model_vertex_normal_texture(temp, -8.138283, -6.105720, -0.036188, 0.000000, 0.000000, 1.000000, 0.080704, 0.272836);
d3d_model_vertex_normal_texture(temp, -8.138264, 8.116503, 14.753482, 1.000000, 0.000000, 0.000000, 0.886064, 0.000000);
d3d_model_vertex_normal_texture(temp, -8.138283, 8.116503, -0.036188, 1.000000, 0.000000, 0.000000, 0.886064, 0.312399);
d3d_model_vertex_normal_texture(temp, -8.138264, 6.338725, 14.753482, 1.000000, 0.000000, 0.000000, 0.848086, 0.000000);
d3d_model_vertex_normal_texture(temp, -6.360486, 6.338725, 14.753480, -1.000000, 0.000000, 0.000000, 0.962021, 0.650363);
d3d_model_vertex_normal_texture(temp, -6.360505, 6.338725, -0.036192, -1.000000, 0.000000, 0.000000, 0.962021, 0.337964);
d3d_model_vertex_normal_texture(temp, -6.360486, 8.116503, 14.753480, -1.000000, 0.000000, 0.000000, 1.000000, 0.650363);
d3d_model_vertex_normal_texture(temp, -8.138283, -7.883498, -0.036188, 0.000000, -0.999969, 0.000000, 0.810107, 0.312399);
d3d_model_vertex_normal_texture(temp, -6.360505, -7.883498, -0.036192, 0.000000, -0.999969, 0.000000, 0.772128, 0.312399);
d3d_model_vertex_normal_texture(temp, -8.138264, -7.883498, 14.753482, 0.000000, -0.999969, 0.000000, 0.810107, 0.000000);
d3d_model_vertex_normal_texture(temp, 6.083959, 8.116503, 14.753465, 1.000000, 0.000000, 0.000000, 0.962021, 0.337964);
d3d_model_vertex_normal_texture(temp, 6.083940, 8.116503, -0.036207, 1.000000, 0.000000, 0.000000, 0.962021, 0.650363);
d3d_model_vertex_normal_texture(temp, 6.083959, 6.338725, 14.753465, 1.000000, 0.000000, 0.000000, 0.924043, 0.337964);
d3d_model_vertex_normal_texture(temp, -6.360486, -7.883498, 14.753480, -1.000000, 0.000000, 0.000000, 0.886064, 0.650363);
d3d_model_vertex_normal_texture(temp, -6.360505, -7.883498, -0.036192, -1.000000, 0.000000, 0.000000, 0.886064, 0.337964);
d3d_model_vertex_normal_texture(temp, -6.360486, -6.105720, 14.753480, -1.000000, 0.000000, 0.000000, 0.924043, 0.650363);
d3d_model_vertex_normal_texture(temp, 7.861737, 6.338725, 14.753463, -1.000000, 0.000000, 0.000000, 0.582236, 0.312399);
d3d_model_vertex_normal_texture(temp, 7.861718, 6.338725, -0.036211, -1.000000, 0.000000, 0.000000, 0.582236, 0.000000);
d3d_model_vertex_normal_texture(temp, 7.861737, 8.116503, 14.753463, -1.000000, 0.000000, 0.000000, 0.620214, 0.312399);
d3d_model_vertex_normal_texture(temp, 6.083959, -6.105720, 14.753465, 1.000000, 0.000000, 0.000000, 0.696171, 0.000000);
d3d_model_vertex_normal_texture(temp, 6.083940, -6.105720, -0.036207, 1.000000, 0.000000, 0.000000, 0.696171, 0.312399);
d3d_model_vertex_normal_texture(temp, 6.083959, -7.883498, 14.753465, 1.000000, 0.000000, 0.000000, 0.658193, 0.000000);
d3d_model_vertex_normal_texture(temp, -6.360486, -6.105720, 14.753480, 0.000000, 1.000000, 0.000000, 0.924043, 0.025566);
d3d_model_vertex_normal_texture(temp, -6.360505, -6.105720, -0.036192, 0.000000, 0.999969, 0.000000, 0.924043, 0.337964);
d3d_model_vertex_normal_texture(temp, -8.138264, -6.105720, 14.753482, 0.000000, 0.999969, 0.000000, 0.886064, 0.025566);
d3d_model_vertex_normal_texture(temp, -8.138283, 6.338725, -0.036188, 0.000000, -0.999969, 0.000000, 0.582236, 0.312399);
d3d_model_vertex_normal_texture(temp, -6.360505, 6.338725, -0.036192, 0.000000, -0.999969, 0.000000, 0.544257, 0.312399);
d3d_model_vertex_normal_texture(temp, -8.138264, 6.338725, 14.753482, 0.000000, -0.999969, 0.000000, 0.582236, 0.000000);
d3d_model_vertex_normal_texture(temp, -6.360486, 8.116503, 14.753480, 0.000000, 1.000000, 0.000000, 0.962021, 0.025566);
d3d_model_vertex_normal_texture(temp, -6.360505, 8.116503, -0.036192, 0.000000, 0.999969, 0.000000, 0.962021, 0.337964);
d3d_model_vertex_normal_texture(temp, -8.138264, 8.116503, 14.753482, 0.000000, 0.999969, 0.000000, 0.924043, 0.025566);
d3d_model_vertex_normal_texture(temp, 6.083959, 6.338725, 14.753465, 0.000000, -0.999969, 0.000000, 0.772128, 0.000000);
d3d_model_vertex_normal_texture(temp, 6.083940, 6.338725, -0.036207, 0.000000, -1.000000, 0.000000, 0.772128, 0.312399);
d3d_model_vertex_normal_texture(temp, 7.861737, 6.338725, 14.753463, 0.000000, -1.000000, 0.000000, 0.734150, 0.000000);
d3d_model_vertex_normal_texture(temp, -8.138264, -6.105720, 14.753482, 1.000000, 0.000000, 0.000000, 0.544257, 0.000000);
d3d_model_vertex_normal_texture(temp, -8.138283, -6.105720, -0.036188, 1.000000, 0.000000, 0.000000, 0.544257, 0.312399);
d3d_model_vertex_normal_texture(temp, -8.138264, -7.883498, 14.753482, 1.000000, 0.000000, 0.000000, 0.506278, 0.000000);
d3d_model_vertex_normal_texture(temp, 4.306174, -6.105720, 16.345123, -1.000000, 0.000000, 0.000000, 0.772128, 0.312399);
d3d_model_vertex_normal_texture(temp, 4.306174, -6.105720, 32.345123, -1.000000, 0.000000, 0.000000, 0.772128, 0.650363);
d3d_model_vertex_normal_texture(temp, 4.306174, -7.883498, 16.345123, -1.000000, 0.000000, 0.000000, 0.734150, 0.312399);
d3d_model_vertex_normal_texture(temp, -1.027159, -6.105720, 16.345123, 0.000000, 1.000000, 0.000000, 0.726190, 1.000000);
d3d_model_vertex_normal_texture(temp, -1.027159, -6.105720, 32.345123, 0.000000, 1.000000, 0.000000, 0.726190, 0.662036);
d3d_model_vertex_normal_texture(temp, 0.750619, -6.105720, 16.345123, 0.000000, 1.000000, 0.000000, 0.764168, 1.000000);
d3d_model_vertex_normal_texture(temp, 6.083951, -7.883498, 16.345123, 1.000000, 0.000000, 0.000000, 0.506278, 0.650363);
d3d_model_vertex_normal_texture(temp, 6.083951, -7.883498, 32.345123, 1.000000, 0.000000, 0.000000, 0.506278, 0.312399);
d3d_model_vertex_normal_texture(temp, 6.083951, -6.105720, 16.345123, 1.000000, 0.000000, 0.000000, 0.544257, 0.650363);
d3d_model_vertex_normal_texture(temp, -4.582715, -6.105720, 32.345123, 0.000000, 0.000000, -1.000000, 0.037979, 0.272575);
d3d_model_vertex_normal_texture(temp, -4.582715, -7.883498, 32.345123, 0.000000, 0.000000, -0.999969, 0.037979, 0.310126);
d3d_model_vertex_normal_texture(temp, -2.804937, -6.105720, 32.345123, 0.000000, 0.000000, -0.999969, 0.000000, 0.272575);
d3d_model_vertex_normal_texture(temp, -1.027159, -6.105720, 32.345123, 0.000000, 0.000000, -1.000000, 0.429557, 0.272836);
d3d_model_vertex_normal_texture(temp, -1.027159, -7.883498, 32.345123, 0.000000, 0.000000, -1.000000, 0.467536, 0.272836);
d3d_model_vertex_normal_texture(temp, 0.750619, -6.105720, 32.345123, 0.000000, 0.000000, -1.000000, 0.429557, 0.310387);
d3d_model_vertex_normal_texture(temp, 2.528397, -6.105720, 32.345123, 0.000000, 0.000000, -1.000000, 0.080704, 0.310387);
d3d_model_vertex_normal_texture(temp, 2.528397, -7.883498, 32.345123, 0.000000, 0.000000, -1.000000, 0.080704, 0.272836);
d3d_model_vertex_normal_texture(temp, 4.306174, -6.105720, 32.345123, 0.000000, 0.000000, -1.000000, 0.118683, 0.310387);
d3d_model_vertex_normal_texture(temp, 6.083951, -7.883498, 32.345123, 0.000000, 0.000000, -1.000000, 0.506278, 0.274708);
d3d_model_vertex_normal_texture(temp, 7.868295, -7.883498, 32.345123, 0.000000, 0.000000, -1.000000, 0.506278, 0.312399);
d3d_model_vertex_normal_texture(temp, 6.083951, -6.105720, 32.345123, 0.000000, 0.000000, -1.000000, 0.468300, 0.274708);
d3d_model_vertex_normal_texture(temp, 2.528397, -7.883498, 16.345123, 1.000000, 0.000000, 0.000000, 0.688211, 1.000000);
d3d_model_vertex_normal_texture(temp, 2.528397, -7.883498, 32.345123, 1.000000, 0.000000, 0.000000, 0.688211, 0.662036);
d3d_model_vertex_normal_texture(temp, 2.528397, -6.105720, 16.345123, 1.000000, 0.000000, 0.000000, 0.726190, 1.000000);
d3d_model_vertex_normal_texture(temp, -4.582715, -6.105720, 16.345123, 0.000000, 1.000000, 0.000000, 0.848086, 0.650363);
d3d_model_vertex_normal_texture(temp, -4.582715, -6.105720, 32.345123, 0.000000, 1.000000, 0.000000, 0.848086, 0.312399);
d3d_model_vertex_normal_texture(temp, -2.804937, -6.105720, 16.345123, 0.000000, 1.000000, 0.000000, 0.886064, 0.650363);
d3d_model_vertex_normal_texture(temp, 0.750619, -6.105720, 16.345123, -1.000000, 0.000000, 0.000000, 0.734150, 0.312399);
d3d_model_vertex_normal_texture(temp, 0.750619, -6.105720, 32.345123, -1.000000, 0.000000, 0.000000, 0.734150, 0.650363);
d3d_model_vertex_normal_texture(temp, 0.750619, -7.883498, 16.345123, -1.000000, 0.000000, 0.000000, 0.696171, 0.312399);
d3d_model_vertex_normal_texture(temp, -6.360493, -7.883498, 32.345123, 0.000000, -1.000000, 0.000000, 0.696171, 0.650363);
d3d_model_vertex_normal_texture(temp, -8.138271, -7.883498, 32.345123, 0.000000, -1.000000, 0.000000, 0.658193, 0.650363);
d3d_model_vertex_normal_texture(temp, -6.360493, -7.883498, 16.345123, 0.000000, -1.000000, 0.000000, 0.696171, 0.312399);
d3d_model_vertex_normal_texture(temp, -1.027159, -7.883498, 16.345123, 1.000000, 0.000000, 0.000000, 0.772128, 0.650363);
d3d_model_vertex_normal_texture(temp, -1.027159, -7.883498, 32.345123, 1.000000, 0.000000, 0.000000, 0.772128, 0.312399);
d3d_model_vertex_normal_texture(temp, -1.027159, -6.105720, 16.345123, 1.000000, 0.000000, 0.000000, 0.810107, 0.650363);
d3d_model_vertex_normal_texture(temp, -8.138271, -6.105720, 16.345123, 0.000000, 1.000000, 0.000000, 0.840125, 1.000000);
d3d_model_vertex_normal_texture(temp, -8.138271, -6.105720, 32.345123, 0.000000, 1.000000, 0.000000, 0.840125, 0.662036);
d3d_model_vertex_normal_texture(temp, -6.360493, -6.105720, 16.345123, 0.000000, 1.000000, 0.000000, 0.878104, 1.000000);
d3d_model_vertex_normal_texture(temp, -2.804937, -6.105720, 16.345123, -1.000000, 0.000000, 0.000000, 0.802147, 0.662036);
d3d_model_vertex_normal_texture(temp, -2.804937, -6.105720, 32.345123, -1.000000, 0.000000, 0.000000, 0.802147, 1.000000);
d3d_model_vertex_normal_texture(temp, -2.804937, -7.883498, 16.345123, -1.000000, 0.000000, 0.000000, 0.764168, 0.662036);
d3d_model_vertex_normal_texture(temp, 4.306174, -7.883498, 16.345123, 0.000000, -1.000000, 0.000000, 0.185916, 0.650363);
d3d_model_vertex_normal_texture(temp, 4.306174, -7.883498, 32.345123, 0.000000, -1.000000, 0.000000, 0.185916, 0.312399);
d3d_model_vertex_normal_texture(temp, 2.528397, -7.883498, 16.345123, 0.000000, -1.000000, 0.000000, 0.223894, 0.650363);
d3d_model_vertex_normal_texture(temp, -4.582715, -7.883498, 16.345123, 1.000000, 0.000000, 0.000000, 0.582236, 0.650363);
d3d_model_vertex_normal_texture(temp, -4.582715, -7.883498, 32.345123, 1.000000, 0.000000, 0.000000, 0.582236, 0.312399);
d3d_model_vertex_normal_texture(temp, -4.582715, -6.105720, 16.345123, 1.000000, 0.000000, 0.000000, 0.620214, 0.650363);
d3d_model_vertex_normal_texture(temp, -6.360493, -6.105720, 16.345123, -1.000000, 0.000000, 0.000000, 0.840125, 0.662036);
d3d_model_vertex_normal_texture(temp, -6.360493, -6.105720, 32.345123, -0.707083, 0.000000, -0.707083, 0.840125, 1.000000);
d3d_model_vertex_normal_texture(temp, -6.360493, -7.883498, 16.345123, -1.000000, 0.000000, 0.000000, 0.802147, 0.662036);
d3d_model_vertex_normal_texture(temp, 6.083951, -6.105720, 16.345123, 0.000000, 1.000000, 0.000000, 0.810107, 0.650363);
d3d_model_vertex_normal_texture(temp, 6.083951, -6.105720, 32.345123, 0.000000, 1.000000, 0.000000, 0.810107, 0.312399);
d3d_model_vertex_normal_texture(temp, 7.861729, -6.105720, 16.345123, 0.000000, 1.000000, 0.000000, 0.848086, 0.650363);
d3d_model_vertex_normal_texture(temp, 0.750619, -7.883498, 16.345123, 0.000000, -1.000000, 0.000000, 0.468300, 0.650363);
d3d_model_vertex_normal_texture(temp, 0.750619, -7.883498, 32.345123, 0.000000, -1.000000, 0.000000, 0.468300, 0.312399);
d3d_model_vertex_normal_texture(temp, -1.027159, -7.883498, 16.345123, 0.000000, -1.000000, 0.000000, 0.506278, 0.650363);
d3d_model_vertex_normal_texture(temp, -8.138262, -7.883498, 16.353483, 1.000000, 0.000000, 0.000000, 0.544257, 0.650186);
d3d_model_vertex_normal_texture(temp, -8.138271, -7.883498, 32.345123, 1.000000, 0.000000, 0.000000, 0.544257, 0.312399);
d3d_model_vertex_normal_texture(temp, -8.138271, -6.105720, 16.345123, 1.000000, 0.000000, 0.000000, 0.582236, 0.650363);
d3d_model_vertex_normal_texture(temp, 2.528397, -6.105720, 16.345123, 0.000000, 1.000000, 0.000000, 0.878104, 1.000000);
d3d_model_vertex_normal_texture(temp, 2.528397, -6.105720, 32.345123, 0.000000, 1.000000, 0.000000, 0.878104, 0.662036);
d3d_model_vertex_normal_texture(temp, 4.306174, -6.105720, 16.345123, 0.000000, 1.000000, 0.000000, 0.916082, 1.000000);
d3d_model_vertex_normal_texture(temp, -2.804937, -7.883498, 16.345123, 0.000000, -1.000000, 0.000000, 0.119587, 0.650363);
d3d_model_vertex_normal_texture(temp, -2.804937, -7.883498, 32.345123, 0.000000, -1.000000, 0.000000, 0.119587, 0.312399);
d3d_model_vertex_normal_texture(temp, -4.582715, -7.883498, 16.345123, 0.000000, -1.000000, 0.000000, 0.157566, 0.650363);
d3d_model_vertex_normal_texture(temp, 7.861729, -7.883498, 16.345123, 0.000000, -1.000000, 0.000000, 0.119447, 0.312399);
d3d_model_vertex_normal_texture(temp, 7.868295, -7.883498, 32.345123, 0.000000, -0.999969, 0.000000, 0.119587, 0.650363);
d3d_model_vertex_normal_texture(temp, 6.083951, -7.883498, 16.345123, 0.000000, -1.000000, 0.000000, 0.081469, 0.312399);
d3d_model_vertex_normal_texture(temp, 7.861729, -6.105720, 32.345123, -0.999969, 0.003693, 0.000000, 0.620214, 0.312399);
d3d_model_vertex_normal_texture(temp, 7.868295, -7.883498, 32.345123, -0.999969, 0.003418, 0.000000, 0.658193, 0.312399);
d3d_model_vertex_normal_texture(temp, 7.861729, -6.105720, 16.345123, -0.999969, 0.000244, 0.000366, 0.620214, 0.650363);
d3d_model_vertex_normal_texture(temp, -6.360493, -6.105720, 32.345123, -0.707083, 0.000000, -0.707083, 0.262637, 0.310388);
d3d_model_vertex_normal_texture(temp, -8.138271, -6.105720, 32.345123, 0.707083, 0.000000, -0.707083, 0.262637, 0.272836);
d3d_model_vertex_normal_texture(temp, -6.360493, -7.883498, 32.345123, 0.000000, 0.000000, -1.000000, 0.300616, 0.310388);
d3d_model_vertex_normal_texture(temp, -8.210098, 8.449977, 14.551243, 0.000000, 0.000000, 1.000000, 0.344106, 0.650363);
d3d_model_vertex_normal_texture(temp, 7.897491, 8.449977, 14.551243, 0.000000, 0.000000, 1.000000, 0.688211, 0.650363);
d3d_model_vertex_normal_texture(temp, -8.210098, -8.102637, 14.551243, 0.000000, 0.000000, 1.000000, 0.344106, 1.000000);
d3d_model_vertex_normal_texture(temp, 7.897491, 8.449977, 16.551243, 0.000000, 0.000000, -1.000000, 0.344105, 1.000000);
d3d_model_vertex_normal_texture(temp, -8.210098, 8.449977, 16.551243, 0.000000, 0.000000, -1.000000, 0.000000, 1.000000);
d3d_model_vertex_normal_texture(temp, 7.897491, -8.102637, 16.551243, 0.000000, 0.000000, -1.000000, 0.344106, 0.650363);
d3d_model_vertex_normal_texture(temp, -8.168211, -6.100752, 34.071545, 1.000000, 0.000000, 0.000000, 0.118823, 0.274092);
d3d_model_vertex_normal_texture(temp, -8.168211, -6.100752, 32.258007, 1.000000, 0.000000, 0.000000, 0.157566, 0.274092);
d3d_model_vertex_normal_texture(temp, -8.168211, -7.914291, 34.071545, 1.000000, 0.000000, 0.000000, 0.118823, 0.312399);
d3d_model_vertex_normal_texture(temp, -8.168211, -7.914291, 34.071545, 0.000000, -1.000000, 0.000000, 0.468300, 0.650363);
d3d_model_vertex_normal_texture(temp, -8.168211, -7.914291, 32.258007, 0.000000, -1.000000, 0.000000, 0.429557, 0.650363);
d3d_model_vertex_normal_texture(temp, 7.927008, -7.914291, 34.071545, 0.000000, -1.000000, 0.000000, 0.468300, 0.310387);
d3d_model_vertex_normal_texture(temp, 7.927008, -7.914291, 34.071545, -1.000000, 0.000000, 0.000000, 0.157566, 0.274092);
d3d_model_vertex_normal_texture(temp, 7.927008, -7.914291, 32.258007, -1.000000, 0.000000, 0.000000, 0.196308, 0.274092);
d3d_model_vertex_normal_texture(temp, 7.927008, -6.100752, 34.071545, -1.000000, 0.000000, 0.000000, 0.157566, 0.312399);
d3d_model_vertex_normal_texture(temp, 7.927008, -6.100752, 34.071545, 0.000000, 1.000000, 0.000000, 0.262637, 0.650363);
d3d_model_vertex_normal_texture(temp, 7.927008, -6.100752, 32.258007, 0.000000, 1.000000, 0.000000, 0.223894, 0.650363);
d3d_model_vertex_normal_texture(temp, -8.168211, -6.100752, 34.071545, 0.000000, 1.000000, 0.000000, 0.262637, 0.310388);
d3d_model_vertex_normal_texture(temp, -8.168211, -6.100752, 32.258007, 0.000000, 0.000000, 1.000000, 0.301380, 0.310388);
d3d_model_vertex_normal_texture(temp, 7.927008, -6.100752, 32.258007, 0.000000, 0.000000, 0.999969, 0.301380, 0.650363);
d3d_model_vertex_normal_texture(temp, -8.168211, -7.914291, 32.258007, 0.000000, 0.000000, 0.999969, 0.262637, 0.310388);
d3d_model_vertex_normal_texture(temp, 7.927008, -6.100752, 34.071545, 0.000000, 0.000000, -1.000000, 0.042726, 0.650363);
d3d_model_vertex_normal_texture(temp, -8.168211, -6.100752, 34.071545, 0.000000, 0.000000, -0.999969, 0.042726, 0.310388);
d3d_model_vertex_normal_texture(temp, 7.927008, -7.914291, 34.071545, 0.000000, 0.000000, -0.999969, 0.081468, 0.650363);
d3d_model_primitive_end(temp);
return temp;