var temp;
temp = d3d_model_create();
d3d_model_primitive_begin(temp,pr_trianglelist);
d3d_model_vertex_normal_texture(temp, -50.464264, -0.000000, -9.254608, 0.633717, 0.000000, -0.773522, 0.000100, 0.707064);
d3d_model_vertex_normal_texture(temp, -27.403412, -27.202118, 0.407211, 0.371654, -0.371654, -0.850703, 0.150728, 0.351700);
d3d_model_vertex_normal_texture(temp, -38.670898, -0.000000, 0.407211, 0.525590, 0.000000, -0.850703, 0.148163, 0.642106);
d3d_model_vertex_normal_texture(temp, -38.670898, -0.000000, 0.407211, 0.525590, 0.000000, -0.850703, 0.148163, 0.642106);
d3d_model_vertex_normal_texture(temp, -14.922974, -14.721678, 6.863037, 0.180822, -0.180822, -0.966735, 0.318894, 0.420909);
d3d_model_vertex_normal_texture(temp, -21.020889, -0.000000, 6.863037, 0.255715, 0.000000, -0.966735, 0.316012, 0.572134);
d3d_model_vertex_normal_texture(temp, -27.403412, -27.202118, 0.407211, 0.371654, -0.371654, -0.850703, 0.150728, 0.351700);
d3d_model_vertex_normal_texture(temp, -0.201294, -50.262962, -9.254608, 0.000000, -0.633717, -0.773522, 0.292932, 0.000102);
d3d_model_vertex_normal_texture(temp, -0.201294, -38.469601, 0.407211, 0.000000, -0.525590, -0.850703, 0.357890, 0.148165);
d3d_model_vertex_normal_texture(temp, -27.403412, -27.202118, 0.407211, 0.371654, -0.371654, -0.850703, 0.150728, 0.351700);
d3d_model_vertex_normal_texture(temp, -0.201294, -20.819597, 6.863037, 0.000000, -0.255715, -0.966735, 0.427864, 0.316014);
d3d_model_vertex_normal_texture(temp, -14.922974, -14.721678, 6.863037, 0.180822, -0.180822, -0.966735, 0.318894, 0.420909);
d3d_model_vertex_normal_texture(temp, -0.201294, -38.469601, 0.407211, 0.000000, -0.525590, -0.850703, 0.357890, 0.148165);
d3d_model_vertex_normal_texture(temp, 35.339985, -35.541283, -9.254608, -0.448103, -0.448103, -0.773522, 0.707062, 0.000100);
d3d_model_vertex_normal_texture(temp, 27.000813, -27.202116, 0.407211, -0.371654, -0.371654, -0.850703, 0.648298, 0.150730);
d3d_model_vertex_normal_texture(temp, -0.201294, -38.469601, 0.407211, 0.000000, -0.525590, -0.850703, 0.357890, 0.148165);
d3d_model_vertex_normal_texture(temp, 14.520382, -14.721678, 6.863037, -0.180822, -0.180822, -0.966735, 0.579089, 0.318896);
d3d_model_vertex_normal_texture(temp, -0.201294, -20.819597, 6.863037, 0.000000, -0.255715, -0.966735, 0.427864, 0.316014);
d3d_model_vertex_normal_texture(temp, 27.000813, -27.202116, 0.407211, -0.371654, -0.371654, -0.850703, 0.648298, 0.150730);
d3d_model_vertex_normal_texture(temp, 50.061668, -0.000002, -9.254608, -0.633717, 0.000000, -0.773522, 0.999898, 0.292934);
d3d_model_vertex_normal_texture(temp, 38.268307, -0.000001, 0.407211, -0.525590, 0.000000, -0.850703, 0.851834, 0.357893);
d3d_model_vertex_normal_texture(temp, 27.000813, -27.202116, 0.407211, -0.371654, -0.371654, -0.850703, 0.648298, 0.150730);
d3d_model_vertex_normal_texture(temp, 20.618298, -0.000001, 6.863037, -0.255715, 0.000000, -0.966735, 0.683983, 0.427866);
d3d_model_vertex_normal_texture(temp, 14.520382, -14.721678, 6.863037, -0.180822, -0.180822, -0.966735, 0.579089, 0.318896);
d3d_model_vertex_normal_texture(temp, 50.061668, -0.000002, -9.254608, -0.633717, 0.000000, -0.773522, 0.999898, 0.292934);
d3d_model_vertex_normal_texture(temp, 27.000813, 27.202116, 0.407211, -0.371654, 0.371654, -0.850703, 0.849268, 0.648302);
d3d_model_vertex_normal_texture(temp, 38.268307, -0.000001, 0.407211, -0.525590, 0.000000, -0.850703, 0.851834, 0.357893);
d3d_model_vertex_normal_texture(temp, 20.618298, -0.000001, 6.863037, -0.255715, 0.000000, -0.966735, 0.683983, 0.427866);
d3d_model_vertex_normal_texture(temp, 27.000813, 27.202116, 0.407211, -0.371654, 0.371654, -0.850703, 0.849268, 0.648302);
d3d_model_vertex_normal_texture(temp, 14.520382, 14.721678, 6.863037, -0.180822, 0.180822, -0.966735, 0.681102, 0.579091);
d3d_model_vertex_normal_texture(temp, 27.000813, 27.202116, 0.407211, -0.371654, 0.371654, -0.850703, 0.849268, 0.648302);
d3d_model_vertex_normal_texture(temp, -0.201294, 50.262955, -9.254608, 0.000000, 0.633717, -0.773522, 0.707061, 0.999900);
d3d_model_vertex_normal_texture(temp, -0.201294, 38.469601, 0.407211, 0.000000, 0.525590, -0.850703, 0.642103, 0.851836);
d3d_model_vertex_normal_texture(temp, 14.520382, 14.721678, 6.863037, -0.180822, 0.180822, -0.966735, 0.681102, 0.579091);
d3d_model_vertex_normal_texture(temp, -0.201294, 38.469601, 0.407211, 0.000000, 0.525590, -0.850703, 0.642103, 0.851836);
d3d_model_vertex_normal_texture(temp, -0.201294, 20.819597, 6.863037, 0.000000, 0.255715, -0.966735, 0.572131, 0.683986);
d3d_model_vertex_normal_texture(temp, -0.201294, 38.469601, 0.407211, 0.000000, 0.525590, -0.850703, 0.642103, 0.851836);
d3d_model_vertex_normal_texture(temp, -35.742569, 35.541279, -9.254608, 0.448103, 0.448103, -0.773522, 0.292931, 0.999898);
d3d_model_vertex_normal_texture(temp, -27.403412, 27.202116, 0.407211, 0.371654, 0.371654, -0.850703, 0.351696, 0.849269);
d3d_model_vertex_normal_texture(temp, -0.201294, 20.819597, 6.863037, 0.000000, 0.255715, -0.966735, 0.572131, 0.683986);
d3d_model_vertex_normal_texture(temp, -27.403412, 27.202116, 0.407211, 0.371654, 0.371654, -0.850703, 0.351696, 0.849269);
d3d_model_vertex_normal_texture(temp, -14.922974, 14.721678, 6.863037, 0.180822, 0.180822, -0.966735, 0.420906, 0.681104);
d3d_model_vertex_normal_texture(temp, -21.020889, -0.000000, 6.863037, 0.255715, 0.000000, -0.966735, 0.316012, 0.572134);
d3d_model_vertex_normal_texture(temp, -14.922974, -14.721678, 6.863037, 0.180822, -0.180822, -0.966735, 0.318894, 0.420909);
d3d_model_vertex_normal_texture(temp, -0.201294, 0.000006, 9.130020, 0.000000, 0.000000, -1.000000, 0.499997, 0.500000);
d3d_model_vertex_normal_texture(temp, -14.922974, -14.721678, 6.863037, 0.180822, -0.180822, -0.966735, 0.318894, 0.420909);
d3d_model_vertex_normal_texture(temp, -0.201294, -20.819597, 6.863037, 0.000000, -0.255715, -0.966735, 0.427864, 0.316014);
d3d_model_vertex_normal_texture(temp, -0.201294, 0.000006, 9.130020, 0.000000, 0.000000, -1.000000, 0.499997, 0.500000);
d3d_model_vertex_normal_texture(temp, -0.201294, -20.819597, 6.863037, 0.000000, -0.255715, -0.966735, 0.427864, 0.316014);
d3d_model_vertex_normal_texture(temp, 14.520382, -14.721678, 6.863037, -0.180822, -0.180822, -0.966735, 0.579089, 0.318896);
d3d_model_vertex_normal_texture(temp, -0.201294, 0.000006, 9.130020, 0.000000, 0.000000, -1.000000, 0.499997, 0.500000);
d3d_model_vertex_normal_texture(temp, 14.520382, -14.721678, 6.863037, -0.180822, -0.180822, -0.966735, 0.579089, 0.318896);
d3d_model_vertex_normal_texture(temp, 20.618298, -0.000001, 6.863037, -0.255715, 0.000000, -0.966735, 0.683983, 0.427866);
d3d_model_vertex_normal_texture(temp, -0.201294, 0.000006, 9.130020, 0.000000, 0.000000, -1.000000, 0.499997, 0.500000);
d3d_model_vertex_normal_texture(temp, 20.618298, -0.000001, 6.863037, -0.255715, 0.000000, -0.966735, 0.683983, 0.427866);
d3d_model_vertex_normal_texture(temp, 14.520382, 14.721678, 6.863037, -0.180822, 0.180822, -0.966735, 0.681102, 0.579091);
d3d_model_vertex_normal_texture(temp, -0.201294, 0.000006, 9.130020, 0.000000, 0.000000, -1.000000, 0.499997, 0.500000);
d3d_model_vertex_normal_texture(temp, 14.520382, 14.721678, 6.863037, -0.180822, 0.180822, -0.966735, 0.681102, 0.579091);
d3d_model_vertex_normal_texture(temp, -0.201294, 20.819597, 6.863037, 0.000000, 0.255715, -0.966735, 0.572131, 0.683986);
d3d_model_vertex_normal_texture(temp, -0.201294, 0.000006, 9.130020, 0.000000, 0.000000, -1.000000, 0.499997, 0.500000);
d3d_model_vertex_normal_texture(temp, -0.201294, 20.819597, 6.863037, 0.000000, 0.255715, -0.966735, 0.572131, 0.683986);
d3d_model_vertex_normal_texture(temp, -14.922974, 14.721678, 6.863037, 0.180822, 0.180822, -0.966735, 0.420906, 0.681104);
d3d_model_vertex_normal_texture(temp, -0.201294, 0.000006, 9.130020, 0.000000, 0.000000, -1.000000, 0.499997, 0.500000);
d3d_model_vertex_normal_texture(temp, -35.742569, 35.541279, -9.254608, 0.448103, 0.448103, -0.773522, 0.292931, 0.999898);
d3d_model_vertex_normal_texture(temp, -38.670898, -0.000000, 0.407211, 0.525590, 0.000000, -0.850703, 0.148163, 0.642106);
d3d_model_vertex_normal_texture(temp, -27.403412, 27.202116, 0.407211, 0.371654, 0.371654, -0.850703, 0.351696, 0.849269);
d3d_model_vertex_normal_texture(temp, -14.922974, 14.721678, 6.863037, 0.180822, 0.180822, -0.966735, 0.420906, 0.681104);
d3d_model_vertex_normal_texture(temp, -38.670898, -0.000000, 0.407211, 0.525590, 0.000000, -0.850703, 0.148163, 0.642106);
d3d_model_vertex_normal_texture(temp, -21.020889, -0.000000, 6.863037, 0.255715, 0.000000, -0.966735, 0.316012, 0.572134);
d3d_model_vertex_normal_texture(temp, -14.922974, 14.721678, 6.863037, 0.180822, 0.180822, -0.966735, 0.420906, 0.681104);
d3d_model_vertex_normal_texture(temp, -21.020889, -0.000000, 6.863037, 0.255715, 0.000000, -0.966735, 0.316012, 0.572134);
d3d_model_vertex_normal_texture(temp, -0.201294, 0.000006, 9.130020, 0.000000, 0.000000, -1.000000, 0.499997, 0.500000);
d3d_model_vertex_normal_texture(temp, -35.742569, -35.541283, -9.254608, 0.448103, -0.448103, -0.773522, 0.000100, 0.292936);
d3d_model_vertex_normal_texture(temp, -27.403412, -27.202118, 0.407211, 0.371654, -0.371654, -0.850703, 0.150728, 0.351700);
d3d_model_vertex_normal_texture(temp, -50.464264, -0.000000, -9.254608, 0.633717, 0.000000, -0.773522, 0.000100, 0.707064);
d3d_model_vertex_normal_texture(temp, -27.403412, -27.202118, 0.407211, 0.371654, -0.371654, -0.850703, 0.150728, 0.351700);
d3d_model_vertex_normal_texture(temp, -14.922974, -14.721678, 6.863037, 0.180822, -0.180822, -0.966735, 0.318894, 0.420909);
d3d_model_vertex_normal_texture(temp, -38.670898, -0.000000, 0.407211, 0.525590, 0.000000, -0.850703, 0.148163, 0.642106);
d3d_model_vertex_normal_texture(temp, -35.742569, -35.541283, -9.254608, 0.448103, -0.448103, -0.773522, 0.000100, 0.292936);
d3d_model_vertex_normal_texture(temp, -0.201294, -50.262962, -9.254608, 0.000000, -0.633717, -0.773522, 0.292932, 0.000102);
d3d_model_vertex_normal_texture(temp, -27.403412, -27.202118, 0.407211, 0.371654, -0.371654, -0.850703, 0.150728, 0.351700);
d3d_model_vertex_normal_texture(temp, -0.201294, -38.469601, 0.407211, 0.000000, -0.525590, -0.850703, 0.357890, 0.148165);
d3d_model_vertex_normal_texture(temp, -0.201294, -20.819597, 6.863037, 0.000000, -0.255715, -0.966735, 0.427864, 0.316014);
d3d_model_vertex_normal_texture(temp, -27.403412, -27.202118, 0.407211, 0.371654, -0.371654, -0.850703, 0.150728, 0.351700);
d3d_model_vertex_normal_texture(temp, -0.201294, -50.262962, -9.254608, 0.000000, -0.633717, -0.773522, 0.292932, 0.000102);
d3d_model_vertex_normal_texture(temp, 35.339985, -35.541283, -9.254608, -0.448103, -0.448103, -0.773522, 0.707062, 0.000100);
d3d_model_vertex_normal_texture(temp, -0.201294, -38.469601, 0.407211, 0.000000, -0.525590, -0.850703, 0.357890, 0.148165);
d3d_model_vertex_normal_texture(temp, 27.000813, -27.202116, 0.407211, -0.371654, -0.371654, -0.850703, 0.648298, 0.150730);
d3d_model_vertex_normal_texture(temp, 14.520382, -14.721678, 6.863037, -0.180822, -0.180822, -0.966735, 0.579089, 0.318896);
d3d_model_vertex_normal_texture(temp, -0.201294, -38.469601, 0.407211, 0.000000, -0.525590, -0.850703, 0.357890, 0.148165);
d3d_model_vertex_normal_texture(temp, 35.339985, -35.541283, -9.254608, -0.448103, -0.448103, -0.773522, 0.707062, 0.000100);
d3d_model_vertex_normal_texture(temp, 50.061668, -0.000002, -9.254608, -0.633717, 0.000000, -0.773522, 0.999898, 0.292934);
d3d_model_vertex_normal_texture(temp, 27.000813, -27.202116, 0.407211, -0.371654, -0.371654, -0.850703, 0.648298, 0.150730);
d3d_model_vertex_normal_texture(temp, 38.268307, -0.000001, 0.407211, -0.525590, 0.000000, -0.850703, 0.851834, 0.357893);
d3d_model_vertex_normal_texture(temp, 20.618298, -0.000001, 6.863037, -0.255715, 0.000000, -0.966735, 0.683983, 0.427866);
d3d_model_vertex_normal_texture(temp, 27.000813, -27.202116, 0.407211, -0.371654, -0.371654, -0.850703, 0.648298, 0.150730);
d3d_model_vertex_normal_texture(temp, 35.339985, 35.541275, -9.254608, -0.448103, 0.448103, -0.773522, 0.999897, 0.707066);
d3d_model_vertex_normal_texture(temp, 27.000813, 27.202116, 0.407211, -0.371654, 0.371654, -0.850703, 0.849268, 0.648302);
d3d_model_vertex_normal_texture(temp, 50.061668, -0.000002, -9.254608, -0.633717, 0.000000, -0.773522, 0.999898, 0.292934);
d3d_model_vertex_normal_texture(temp, 38.268307, -0.000001, 0.407211, -0.525590, 0.000000, -0.850703, 0.851834, 0.357893);
d3d_model_vertex_normal_texture(temp, 27.000813, 27.202116, 0.407211, -0.371654, 0.371654, -0.850703, 0.849268, 0.648302);
d3d_model_vertex_normal_texture(temp, 20.618298, -0.000001, 6.863037, -0.255715, 0.000000, -0.966735, 0.683983, 0.427866);
d3d_model_vertex_normal_texture(temp, 35.339985, 35.541275, -9.254608, -0.448103, 0.448103, -0.773522, 0.999897, 0.707066);
d3d_model_vertex_normal_texture(temp, -0.201294, 50.262955, -9.254608, 0.000000, 0.633717, -0.773522, 0.707061, 0.999900);
d3d_model_vertex_normal_texture(temp, 27.000813, 27.202116, 0.407211, -0.371654, 0.371654, -0.850703, 0.849268, 0.648302);
d3d_model_vertex_normal_texture(temp, 27.000813, 27.202116, 0.407211, -0.371654, 0.371654, -0.850703, 0.849268, 0.648302);
d3d_model_vertex_normal_texture(temp, -0.201294, 38.469601, 0.407211, 0.000000, 0.525590, -0.850703, 0.642103, 0.851836);
d3d_model_vertex_normal_texture(temp, 14.520382, 14.721678, 6.863037, -0.180822, 0.180822, -0.966735, 0.681102, 0.579091);
d3d_model_vertex_normal_texture(temp, -0.201294, 50.262955, -9.254608, 0.000000, 0.633717, -0.773522, 0.707061, 0.999900);
d3d_model_vertex_normal_texture(temp, -35.742569, 35.541279, -9.254608, 0.448103, 0.448103, -0.773522, 0.292931, 0.999898);
d3d_model_vertex_normal_texture(temp, -0.201294, 38.469601, 0.407211, 0.000000, 0.525590, -0.850703, 0.642103, 0.851836);
d3d_model_vertex_normal_texture(temp, -0.201294, 38.469601, 0.407211, 0.000000, 0.525590, -0.850703, 0.642103, 0.851836);
d3d_model_vertex_normal_texture(temp, -27.403412, 27.202116, 0.407211, 0.371654, 0.371654, -0.850703, 0.351696, 0.849269);
d3d_model_vertex_normal_texture(temp, -0.201294, 20.819597, 6.863037, 0.000000, 0.255715, -0.966735, 0.572131, 0.683986);
d3d_model_vertex_normal_texture(temp, -50.464264, -0.000000, -9.254608, 0.633717, 0.000000, -0.773522, 0.000100, 0.707064);
d3d_model_vertex_normal_texture(temp, -38.670898, -0.000000, 0.407211, 0.525590, 0.000000, -0.850703, 0.148163, 0.642106);
d3d_model_vertex_normal_texture(temp, -35.742569, 35.541279, -9.254608, 0.448103, 0.448103, -0.773522, 0.292931, 0.999898);
d3d_model_vertex_normal_texture(temp, -27.403412, 27.202116, 0.407211, 0.371654, 0.371654, -0.850703, 0.351696, 0.849269);
d3d_model_vertex_normal_texture(temp, -38.670898, -0.000000, 0.407211, 0.525590, 0.000000, -0.850703, 0.148163, 0.642106);
d3d_model_vertex_normal_texture(temp, -14.922974, 14.721678, 6.863037, 0.180822, 0.180822, -0.966735, 0.420906, 0.681104);
d3d_model_primitive_end(temp);
return temp;