var temp;
temp = d3d_model_create();
d3d_model_primitive_begin(temp,pr_trianglelist);
d3d_model_vertex_normal_texture(temp, -16.000000, 16.000008, 25.022898, 0.000000, 0.000000, -0.999969, 0.000000, 0.500000);
d3d_model_vertex_normal_texture(temp, 16.000000, -15.999990, 25.022940, 0.000000, 0.000000, -0.999969, 0.569620, 0.000000);
d3d_model_vertex_normal_texture(temp, 16.000000, 16.000008, 25.022898, 0.000000, 0.000000, -1.000000, 0.569620, 0.500000);
d3d_model_vertex_normal_texture(temp, 16.000000, -15.999992, 23.422935, -0.999969, 0.000000, 0.000000, 1.000000, 0.274833);
d3d_model_vertex_normal_texture(temp, 16.000000, 16.000008, 25.022898, -0.999969, 0.000000, 0.000000, 0.971519, 0.774833);
d3d_model_vertex_normal_texture(temp, 16.000000, -15.999990, 25.022940, -1.000000, 0.000000, 0.000000, 0.971519, 0.274833);
d3d_model_vertex_normal_texture(temp, 16.000000, 16.000008, 23.422897, 0.000000, 1.000000, 0.000000, 0.914557, 0.774833);
d3d_model_vertex_normal_texture(temp, -16.000000, 16.000008, 25.022898, 0.000000, 1.000000, 0.000000, 0.943038, 0.274834);
d3d_model_vertex_normal_texture(temp, 16.000000, 16.000008, 25.022898, 0.000000, 1.000000, 0.000000, 0.943038, 0.774833);
d3d_model_vertex_normal_texture(temp, -16.000000, 16.000008, 23.422897, 0.999969, 0.000000, 0.000000, 0.971519, 0.274833);
d3d_model_vertex_normal_texture(temp, -16.000000, -15.999990, 25.022940, 0.999969, 0.000000, 0.000000, 0.943038, 0.774833);
d3d_model_vertex_normal_texture(temp, -16.000000, 16.000008, 25.022898, 1.000000, 0.000000, 0.000000, 0.943038, 0.274834);
d3d_model_vertex_normal_texture(temp, -16.000000, -15.999992, 23.422935, 0.000000, -0.999969, 0.000000, 0.914557, 0.274834);
d3d_model_vertex_normal_texture(temp, 16.000000, -15.999990, 25.022940, 0.000000, -0.999969, 0.000000, 0.886076, 0.774833);
d3d_model_vertex_normal_texture(temp, -16.000000, -15.999990, 25.022940, 0.000000, -1.000000, 0.000000, 0.886076, 0.274834);
d3d_model_vertex_normal_texture(temp, -8.888889, 8.888897, 23.422905, -1.000000, 0.000000, 0.000000, 0.696202, 0.549667);
d3d_model_vertex_normal_texture(temp, -8.888889, 12.444433, 0.012242, -1.000000, 0.000000, 0.000000, 0.759493, 0.324500);
d3d_model_vertex_normal_texture(temp, -8.888889, 12.444452, 23.422901, -1.000000, 0.000000, 0.000000, 0.759493, 0.549667);
d3d_model_vertex_normal_texture(temp, -8.888889, -12.444437, 23.422932, 0.000000, -0.999969, 0.000000, 0.569620, 0.774833);
d3d_model_vertex_normal_texture(temp, -12.444445, -12.444456, 0.012275, 0.000000, -0.999969, 0.000000, 0.632911, 1.000000);
d3d_model_vertex_normal_texture(temp, -8.888889, -12.444456, 0.012275, 0.000000, -1.000000, 0.000000, 0.569620, 1.000000);
d3d_model_vertex_normal_texture(temp, 8.888889, 8.888897, 23.422905, 1.000000, 0.000000, 0.000000, 0.759493, 0.549667);
d3d_model_vertex_normal_texture(temp, 8.888889, 12.444433, 0.012242, 1.000000, 0.000000, 0.000000, 0.822784, 0.774833);
d3d_model_vertex_normal_texture(temp, 8.888889, 8.888878, 0.012247, 1.000000, 0.000000, 0.000000, 0.759493, 0.774833);
d3d_model_vertex_normal_texture(temp, -12.444445, -12.444437, 23.422932, 1.000000, 0.000000, 0.000000, 0.632911, 0.549667);
d3d_model_vertex_normal_texture(temp, -12.444445, -8.888901, 0.012270, 1.000000, 0.000000, 0.000000, 0.569620, 0.324500);
d3d_model_vertex_normal_texture(temp, -12.444445, -12.444456, 0.012275, 1.000000, 0.000000, 0.000000, 0.632911, 0.324500);
d3d_model_vertex_normal_texture(temp, -8.888889, 8.888897, 23.422905, 0.000000, 0.000000, 1.000000, 0.126582, 0.611111);
d3d_model_vertex_normal_texture(temp, 8.888889, -8.888882, 23.422928, 0.000000, 0.000000, 1.000000, 0.443038, 0.888889);
d3d_model_vertex_normal_texture(temp, -8.888889, -8.888882, 23.422928, 0.000000, 0.000000, 1.000000, 0.126582, 0.888889);
d3d_model_vertex_normal_texture(temp, -8.888889, -8.888882, 23.422928, 0.000000, 0.000000, 1.000000, 0.126582, 0.888889);
d3d_model_vertex_normal_texture(temp, -12.444445, 8.888897, 23.422905, 0.000000, 0.000000, 1.000000, 0.063291, 0.611111);
d3d_model_vertex_normal_texture(temp, -8.888889, 8.888897, 23.422905, 0.000000, 0.000000, 1.000000, 0.126582, 0.611111);
d3d_model_vertex_normal_texture(temp, 12.444445, -8.888882, 23.422928, 0.000000, 0.000000, 1.000000, 0.506329, 0.888889);
d3d_model_vertex_normal_texture(temp, 8.888889, 8.888897, 23.422905, 0.000000, 0.000000, 1.000000, 0.443038, 0.611111);
d3d_model_vertex_normal_texture(temp, 12.444445, 8.888897, 23.422905, 0.000000, 0.000000, 1.000000, 0.506329, 0.611111);
d3d_model_vertex_normal_texture(temp, -8.888889, 8.888897, 23.422905, 0.000000, 0.000000, 1.000000, 0.126582, 0.611111);
d3d_model_vertex_normal_texture(temp, 8.888889, 12.444452, 23.422901, 0.000000, 0.000000, 1.000000, 0.443038, 0.555556);
d3d_model_vertex_normal_texture(temp, 8.888889, 8.888897, 23.422905, 0.000000, 0.000000, 1.000000, 0.443038, 0.611111);
d3d_model_vertex_normal_texture(temp, -8.888889, -12.444437, 23.422932, 0.000000, 0.000000, 1.000000, 0.126582, 0.944444);
d3d_model_vertex_normal_texture(temp, 8.888889, -8.888882, 23.422928, 0.000000, 0.000000, 1.000000, 0.443038, 0.888889);
d3d_model_vertex_normal_texture(temp, 8.888889, -12.444437, 23.422932, 0.000000, 0.000000, 1.000000, 0.443038, 0.944444);
d3d_model_vertex_normal_texture(temp, -12.444445, 12.444452, 23.422901, 0.000000, 0.000000, 1.000000, 0.063291, 0.555555);
d3d_model_vertex_normal_texture(temp, -12.444445, 8.888897, 23.422905, 0.000000, 0.000000, 1.000000, 0.063291, 0.611111);
d3d_model_vertex_normal_texture(temp, -16.000000, 16.000008, 23.422897, 0.000000, 0.000000, 0.999969, 0.000000, 0.500000);
d3d_model_vertex_normal_texture(temp, -8.888889, -12.444437, 23.422932, 0.000000, 0.000000, 1.000000, 0.126582, 0.944444);
d3d_model_vertex_normal_texture(temp, -16.000000, -15.999992, 23.422935, 0.000000, 0.000000, 1.000000, 0.000000, 1.000000);
d3d_model_vertex_normal_texture(temp, -12.444445, -12.444437, 23.422932, 0.000000, 0.000000, 1.000000, 0.063291, 0.944444);
d3d_model_vertex_normal_texture(temp, 16.000000, -15.999992, 23.422935, 0.000000, 0.000000, 1.000000, 0.569620, 1.000000);
d3d_model_vertex_normal_texture(temp, 12.444445, -8.888882, 23.422928, 0.000000, 0.000000, 1.000000, 0.506329, 0.888889);
d3d_model_vertex_normal_texture(temp, 12.444445, 8.888897, 23.422905, 0.000000, 0.000000, 1.000000, 0.506329, 0.611111);
d3d_model_vertex_normal_texture(temp, 12.444445, 12.444452, 23.422901, 0.000000, 0.000000, 1.000000, 0.506329, 0.555556);
d3d_model_vertex_normal_texture(temp, 8.888889, 12.444452, 23.422901, 0.000000, 0.000000, 1.000000, 0.443038, 0.555556);
d3d_model_vertex_normal_texture(temp, 16.000000, 16.000008, 23.422897, 0.000000, 0.000000, 0.999969, 0.569620, 0.500000);
d3d_model_vertex_normal_texture(temp, -8.888889, -12.444456, 0.012275, 0.000000, 0.000000, 1.000000, 0.632911, 0.324500);
d3d_model_vertex_normal_texture(temp, -12.444445, -8.888901, 0.012270, 0.000000, 0.000000, 1.000000, 0.569620, 0.268945);
d3d_model_vertex_normal_texture(temp, -8.888889, -8.888901, 0.012270, 0.000000, 0.000000, 1.000000, 0.632911, 0.268945);
d3d_model_vertex_normal_texture(temp, 12.444445, -12.444456, 0.012275, 0.000000, 0.000000, 1.000000, 0.696202, 0.324500);
d3d_model_vertex_normal_texture(temp, 8.888889, -8.888901, 0.012270, 0.000000, 0.000000, 1.000000, 0.632911, 0.268945);
d3d_model_vertex_normal_texture(temp, 12.444445, -8.888901, 0.012270, 0.000000, 0.000000, 1.000000, 0.696202, 0.268945);
d3d_model_vertex_normal_texture(temp, -8.888889, 8.888878, 0.012247, 0.000000, 0.000000, 1.000000, 0.759493, 0.324500);
d3d_model_vertex_normal_texture(temp, -12.444445, 12.444433, 0.012242, 0.000000, 0.000000, 1.000000, 0.696202, 0.268945);
d3d_model_vertex_normal_texture(temp, -8.888889, 12.444433, 0.012242, 0.000000, 0.000000, 1.000000, 0.759493, 0.268945);
d3d_model_vertex_normal_texture(temp, 12.444445, 8.888878, 0.012247, 0.000000, 0.000000, 1.000000, 0.822784, 0.324500);
d3d_model_vertex_normal_texture(temp, 8.888889, 12.444433, 0.012242, 0.000000, 0.000000, 1.000000, 0.759493, 0.268945);
d3d_model_vertex_normal_texture(temp, 12.444445, 12.444433, 0.012242, 0.000000, 0.000000, 1.000000, 0.822784, 0.268945);
d3d_model_vertex_normal_texture(temp, 12.444445, 8.888897, 23.422905, 0.000000, -0.999969, 0.000000, 0.696202, 0.774833);
d3d_model_vertex_normal_texture(temp, 8.888889, 8.888878, 0.012247, 0.000000, -0.999969, 0.000000, 0.759493, 1.000000);
d3d_model_vertex_normal_texture(temp, 12.444445, 8.888878, 0.012247, 0.000000, -1.000000, 0.000000, 0.696202, 1.000000);
d3d_model_vertex_normal_texture(temp, 8.888889, -8.888882, 23.422928, 0.000000, 0.999969, 0.000000, 0.886076, 1.000000);
d3d_model_vertex_normal_texture(temp, 12.444445, -8.888901, 0.012270, 0.000000, 0.999969, 0.000000, 0.822784, 0.774833);
d3d_model_vertex_normal_texture(temp, 8.888889, -8.888901, 0.012270, 0.000000, 1.000000, 0.000000, 0.886076, 0.774833);
d3d_model_vertex_normal_texture(temp, 8.888889, -12.444437, 23.422932, 1.000000, 0.000000, 0.000000, 0.696202, 0.549667);
d3d_model_vertex_normal_texture(temp, 8.888889, -8.888901, 0.012270, 1.000000, 0.000000, 0.000000, 0.759493, 0.774833);
d3d_model_vertex_normal_texture(temp, 8.888889, -12.444456, 0.012275, 1.000000, 0.000000, 0.000000, 0.696202, 0.774833);
d3d_model_vertex_normal_texture(temp, -8.888889, -12.444437, 23.422932, -1.000000, 0.000000, 0.000000, 0.632911, 0.549667);
d3d_model_vertex_normal_texture(temp, -8.888889, -8.888901, 0.012270, -1.000000, 0.000000, 0.000000, 0.696202, 0.324500);
d3d_model_vertex_normal_texture(temp, -8.888889, -8.888882, 23.422928, -1.000000, 0.000000, 0.000000, 0.696202, 0.549667);
d3d_model_vertex_normal_texture(temp, 12.444445, 8.888897, 23.422905, -1.000000, 0.000000, 0.000000, 0.822784, 0.774833);
d3d_model_vertex_normal_texture(temp, 12.444445, 12.444433, 0.012242, -1.000000, 0.000000, 0.000000, 0.759493, 1.000000);
d3d_model_vertex_normal_texture(temp, 12.444445, 12.444452, 23.422901, -1.000000, 0.000000, 0.000000, 0.759493, 0.774833);
d3d_model_vertex_normal_texture(temp, 12.444445, -12.444437, 23.422932, 0.000000, -0.999969, 0.000000, 0.632911, 0.774833);
d3d_model_vertex_normal_texture(temp, 8.888889, -12.444456, 0.012275, 0.000000, -0.999969, 0.000000, 0.696202, 1.000000);
d3d_model_vertex_normal_texture(temp, 12.444445, -12.444456, 0.012275, 0.000000, -1.000000, 0.000000, 0.632911, 1.000000);
d3d_model_vertex_normal_texture(temp, -12.444445, 12.444452, 23.422901, 0.000000, 0.999969, 0.000000, 0.886076, 0.549667);
d3d_model_vertex_normal_texture(temp, -8.888889, 12.444433, 0.012242, 0.000000, 0.999969, 0.000000, 0.822784, 0.324500);
d3d_model_vertex_normal_texture(temp, -12.444445, 12.444433, 0.012242, 0.000000, 1.000000, 0.000000, 0.886076, 0.324500);
d3d_model_vertex_normal_texture(temp, -12.444445, 8.888897, 23.422905, 1.000000, 0.000000, 0.000000, 0.759493, 0.324500);
d3d_model_vertex_normal_texture(temp, -12.444445, 12.444433, 0.012242, 1.000000, 0.000000, 0.000000, 0.822784, 0.549667);
d3d_model_vertex_normal_texture(temp, -12.444445, 8.888878, 0.012247, 1.000000, 0.000000, 0.000000, 0.759493, 0.549667);
d3d_model_vertex_normal_texture(temp, -8.888889, 8.888897, 23.422905, 0.000000, -0.999969, 0.000000, 0.632911, 0.549667);
d3d_model_vertex_normal_texture(temp, -12.444445, 8.888878, 0.012247, 0.000000, -0.999969, 0.000000, 0.696202, 0.774833);
d3d_model_vertex_normal_texture(temp, -8.888889, 8.888878, 0.012247, 0.000000, -1.000000, 0.000000, 0.632911, 0.774833);
d3d_model_vertex_normal_texture(temp, 12.444445, -12.444437, 23.422932, -1.000000, 0.000000, 0.000000, 0.569620, 0.774833);
d3d_model_vertex_normal_texture(temp, 12.444445, -8.888901, 0.012270, -1.000000, 0.000000, 0.000000, 0.632911, 0.549667);
d3d_model_vertex_normal_texture(temp, 12.444445, -8.888882, 23.422928, -1.000000, 0.000000, 0.000000, 0.632911, 0.774833);
d3d_model_vertex_normal_texture(temp, -12.444445, -8.888882, 23.422928, 0.000000, 0.999969, 0.000000, 0.886076, 0.774833);
d3d_model_vertex_normal_texture(temp, -8.888889, -8.888901, 0.012270, 0.000000, 0.999969, 0.000000, 0.822784, 0.549667);
d3d_model_vertex_normal_texture(temp, -12.444445, -8.888901, 0.012270, 0.000000, 1.000000, 0.000000, 0.886076, 0.549667);
d3d_model_vertex_normal_texture(temp, 8.888889, 12.444452, 23.422901, 0.000000, 0.999969, 0.000000, 0.949367, 1.000000);
d3d_model_vertex_normal_texture(temp, 12.444445, 12.444433, 0.012242, 0.000000, 0.999969, 0.000000, 0.886076, 0.774834);
d3d_model_vertex_normal_texture(temp, 8.888889, 12.444433, 0.012242, 0.000000, 1.000000, 0.000000, 0.949367, 0.774834);
d3d_model_vertex_normal_texture(temp, -16.000000, -15.999990, 25.022940, 0.000000, 0.000000, -1.000000, 0.000000, 0.000000);
d3d_model_vertex_normal_texture(temp, 16.000000, -15.999990, 25.022940, 0.000000, 0.000000, -0.999969, 0.569620, 0.000000);
d3d_model_vertex_normal_texture(temp, -16.000000, 16.000008, 25.022898, 0.000000, 0.000000, -0.999969, 0.000000, 0.500000);
d3d_model_vertex_normal_texture(temp, 16.000000, 16.000008, 23.422897, -1.000000, 0.000000, 0.000000, 1.000000, 0.774833);
d3d_model_vertex_normal_texture(temp, 16.000000, 16.000008, 25.022898, -0.999969, 0.000000, 0.000000, 0.971519, 0.774833);
d3d_model_vertex_normal_texture(temp, 16.000000, -15.999992, 23.422935, -0.999969, 0.000000, 0.000000, 1.000000, 0.274833);
d3d_model_vertex_normal_texture(temp, -16.000000, 16.000008, 23.422897, 0.000000, 1.000000, 0.000000, 0.914557, 0.274834);
d3d_model_vertex_normal_texture(temp, -16.000000, 16.000008, 25.022898, 0.000000, 1.000000, 0.000000, 0.943038, 0.274834);
d3d_model_vertex_normal_texture(temp, 16.000000, 16.000008, 23.422897, 0.000000, 1.000000, 0.000000, 0.914557, 0.774833);
d3d_model_vertex_normal_texture(temp, -16.000000, -15.999992, 23.422935, 1.000000, 0.000000, 0.000000, 0.971519, 0.774833);
d3d_model_vertex_normal_texture(temp, -16.000000, -15.999990, 25.022940, 0.999969, 0.000000, 0.000000, 0.943038, 0.774833);
d3d_model_vertex_normal_texture(temp, -16.000000, 16.000008, 23.422897, 0.999969, 0.000000, 0.000000, 0.971519, 0.274833);
d3d_model_vertex_normal_texture(temp, 16.000000, -15.999992, 23.422935, 0.000000, -1.000000, 0.000000, 0.914557, 0.774833);
d3d_model_vertex_normal_texture(temp, 16.000000, -15.999990, 25.022940, 0.000000, -0.999969, 0.000000, 0.886076, 0.774833);
d3d_model_vertex_normal_texture(temp, -16.000000, -15.999992, 23.422935, 0.000000, -0.999969, 0.000000, 0.914557, 0.274834);
d3d_model_vertex_normal_texture(temp, -8.888889, 8.888878, 0.012247, -1.000000, 0.000000, 0.000000, 0.696202, 0.324500);
d3d_model_vertex_normal_texture(temp, -8.888889, 12.444433, 0.012242, -1.000000, 0.000000, 0.000000, 0.759493, 0.324500);
d3d_model_vertex_normal_texture(temp, -8.888889, 8.888897, 23.422905, -1.000000, 0.000000, 0.000000, 0.696202, 0.549667);
d3d_model_vertex_normal_texture(temp, -12.444445, -12.444437, 23.422932, 0.000000, -1.000000, 0.000000, 0.632911, 0.774833);
d3d_model_vertex_normal_texture(temp, -12.444445, -12.444456, 0.012275, 0.000000, -0.999969, 0.000000, 0.632911, 1.000000);
d3d_model_vertex_normal_texture(temp, -8.888889, -12.444437, 23.422932, 0.000000, -0.999969, 0.000000, 0.569620, 0.774833);
d3d_model_vertex_normal_texture(temp, 8.888889, 12.444452, 23.422901, 1.000000, 0.000000, 0.000000, 0.822784, 0.549667);
d3d_model_vertex_normal_texture(temp, 8.888889, 12.444433, 0.012242, 1.000000, 0.000000, 0.000000, 0.822784, 0.774833);
d3d_model_vertex_normal_texture(temp, 8.888889, 8.888897, 23.422905, 1.000000, 0.000000, 0.000000, 0.759493, 0.549667);
d3d_model_vertex_normal_texture(temp, -12.444445, -8.888882, 23.422928, 1.000000, 0.000000, 0.000000, 0.569620, 0.549667);
d3d_model_vertex_normal_texture(temp, -12.444445, -8.888901, 0.012270, 1.000000, 0.000000, 0.000000, 0.569620, 0.324500);
d3d_model_vertex_normal_texture(temp, -12.444445, -12.444437, 23.422932, 1.000000, 0.000000, 0.000000, 0.632911, 0.549667);
d3d_model_vertex_normal_texture(temp, 8.888889, 8.888897, 23.422905, 0.000000, 0.000000, 1.000000, 0.443038, 0.611111);
d3d_model_vertex_normal_texture(temp, 8.888889, -8.888882, 23.422928, 0.000000, 0.000000, 1.000000, 0.443038, 0.888889);
d3d_model_vertex_normal_texture(temp, -8.888889, 8.888897, 23.422905, 0.000000, 0.000000, 1.000000, 0.126582, 0.611111);
d3d_model_vertex_normal_texture(temp, -12.444445, -8.888882, 23.422928, 0.000000, 0.000000, 1.000000, 0.063291, 0.888889);
d3d_model_vertex_normal_texture(temp, -12.444445, 8.888897, 23.422905, 0.000000, 0.000000, 1.000000, 0.063291, 0.611111);
d3d_model_vertex_normal_texture(temp, -8.888889, -8.888882, 23.422928, 0.000000, 0.000000, 1.000000, 0.126582, 0.888889);
d3d_model_vertex_normal_texture(temp, 8.888889, -8.888882, 23.422928, 0.000000, 0.000000, 1.000000, 0.443038, 0.888889);
d3d_model_vertex_normal_texture(temp, 8.888889, 8.888897, 23.422905, 0.000000, 0.000000, 1.000000, 0.443038, 0.611111);
d3d_model_vertex_normal_texture(temp, 12.444445, -8.888882, 23.422928, 0.000000, 0.000000, 1.000000, 0.506329, 0.888889);
d3d_model_vertex_normal_texture(temp, -8.888889, 12.444452, 23.422901, 0.000000, 0.000000, 1.000000, 0.126582, 0.555555);
d3d_model_vertex_normal_texture(temp, 8.888889, 12.444452, 23.422901, 0.000000, 0.000000, 1.000000, 0.443038, 0.555556);
d3d_model_vertex_normal_texture(temp, -8.888889, 8.888897, 23.422905, 0.000000, 0.000000, 1.000000, 0.126582, 0.611111);
d3d_model_vertex_normal_texture(temp, -8.888889, -8.888882, 23.422928, 0.000000, 0.000000, 1.000000, 0.126582, 0.888889);
d3d_model_vertex_normal_texture(temp, 8.888889, -8.888882, 23.422928, 0.000000, 0.000000, 1.000000, 0.443038, 0.888889);
d3d_model_vertex_normal_texture(temp, -8.888889, -12.444437, 23.422932, 0.000000, 0.000000, 1.000000, 0.126582, 0.944444);
d3d_model_vertex_normal_texture(temp, -16.000000, -15.999992, 23.422935, 0.000000, 0.000000, 1.000000, 0.000000, 1.000000);
d3d_model_vertex_normal_texture(temp, -16.000000, 16.000008, 23.422897, 0.000000, 0.000000, 0.999969, 0.000000, 0.500000);
d3d_model_vertex_normal_texture(temp, -12.444445, -8.888882, 23.422928, 0.000000, 0.000000, 1.000000, 0.063291, 0.888889);
d3d_model_vertex_normal_texture(temp, -16.000000, -15.999992, 23.422935, 0.000000, 0.000000, 1.000000, 0.000000, 1.000000);
d3d_model_vertex_normal_texture(temp, -12.444445, -8.888882, 23.422928, 0.000000, 0.000000, 1.000000, 0.063291, 0.888889);
d3d_model_vertex_normal_texture(temp, -12.444445, -12.444437, 23.422932, 0.000000, 0.000000, 1.000000, 0.063291, 0.944444);
d3d_model_vertex_normal_texture(temp, 12.444445, -12.444437, 23.422932, 0.000000, 0.000000, 1.000000, 0.506329, 0.944444);
d3d_model_vertex_normal_texture(temp, 12.444445, -8.888882, 23.422928, 0.000000, 0.000000, 1.000000, 0.506329, 0.888889);
d3d_model_vertex_normal_texture(temp, 16.000000, -15.999992, 23.422935, 0.000000, 0.000000, 1.000000, 0.569620, 1.000000);
d3d_model_vertex_normal_texture(temp, -16.000000, 16.000008, 23.422897, 0.000000, 0.000000, 0.999969, 0.000000, 0.500000);
d3d_model_vertex_normal_texture(temp, -12.444445, 8.888897, 23.422905, 0.000000, 0.000000, 1.000000, 0.063291, 0.611111);
d3d_model_vertex_normal_texture(temp, -12.444445, -8.888882, 23.422928, 0.000000, 0.000000, 1.000000, 0.063291, 0.888889);
d3d_model_vertex_normal_texture(temp, -8.888889, -12.444437, 23.422932, 0.000000, 0.000000, 1.000000, 0.126582, 0.944444);
d3d_model_vertex_normal_texture(temp, 8.888889, -12.444437, 23.422932, 0.000000, 0.000000, 1.000000, 0.443038, 0.944444);
d3d_model_vertex_normal_texture(temp, 16.000000, -15.999992, 23.422935, 0.000000, 0.000000, 1.000000, 0.569620, 1.000000);
d3d_model_vertex_normal_texture(temp, 12.444445, 12.444452, 23.422901, 0.000000, 0.000000, 1.000000, 0.506329, 0.555556);
d3d_model_vertex_normal_texture(temp, 16.000000, 16.000008, 23.422897, 0.000000, 0.000000, 0.999969, 0.569620, 0.500000);
d3d_model_vertex_normal_texture(temp, 12.444445, 8.888897, 23.422905, 0.000000, 0.000000, 1.000000, 0.506329, 0.611111);
d3d_model_vertex_normal_texture(temp, 16.000000, -15.999992, 23.422935, 0.000000, 0.000000, 1.000000, 0.569620, 1.000000);
d3d_model_vertex_normal_texture(temp, 8.888889, -12.444437, 23.422932, 0.000000, 0.000000, 1.000000, 0.443038, 0.944444);
d3d_model_vertex_normal_texture(temp, 12.444445, -12.444437, 23.422932, 0.000000, 0.000000, 1.000000, 0.506329, 0.944444);
d3d_model_vertex_normal_texture(temp, -8.888889, -12.444437, 23.422932, 0.000000, 0.000000, 1.000000, 0.126582, 0.944444);
d3d_model_vertex_normal_texture(temp, 16.000000, -15.999992, 23.422935, 0.000000, 0.000000, 1.000000, 0.569620, 1.000000);
d3d_model_vertex_normal_texture(temp, -16.000000, -15.999992, 23.422935, 0.000000, 0.000000, 1.000000, 0.000000, 1.000000);
d3d_model_vertex_normal_texture(temp, -16.000000, 16.000008, 23.422897, 0.000000, 0.000000, 0.999969, 0.000000, 0.500000);
d3d_model_vertex_normal_texture(temp, 16.000000, 16.000008, 23.422897, 0.000000, 0.000000, 0.999969, 0.569620, 0.500000);
d3d_model_vertex_normal_texture(temp, -8.888889, 12.444452, 23.422901, 0.000000, 0.000000, 1.000000, 0.126582, 0.555555);
d3d_model_vertex_normal_texture(temp, 12.444445, 8.888897, 23.422905, 0.000000, 0.000000, 1.000000, 0.506329, 0.611111);
d3d_model_vertex_normal_texture(temp, 16.000000, 16.000008, 23.422897, 0.000000, 0.000000, 0.999969, 0.569620, 0.500000);
d3d_model_vertex_normal_texture(temp, 16.000000, -15.999992, 23.422935, 0.000000, 0.000000, 1.000000, 0.569620, 1.000000);
d3d_model_vertex_normal_texture(temp, -16.000000, 16.000008, 23.422897, 0.000000, 0.000000, 0.999969, 0.000000, 0.500000);
d3d_model_vertex_normal_texture(temp, -8.888889, 12.444452, 23.422901, 0.000000, 0.000000, 1.000000, 0.126582, 0.555555);
d3d_model_vertex_normal_texture(temp, -12.444445, 12.444452, 23.422901, 0.000000, 0.000000, 1.000000, 0.063291, 0.555555);
d3d_model_vertex_normal_texture(temp, -12.444445, -12.444456, 0.012275, 0.000000, 0.000000, 1.000000, 0.569620, 0.324500);
d3d_model_vertex_normal_texture(temp, -12.444445, -8.888901, 0.012270, 0.000000, 0.000000, 1.000000, 0.569620, 0.268945);
d3d_model_vertex_normal_texture(temp, -8.888889, -12.444456, 0.012275, 0.000000, 0.000000, 1.000000, 0.632911, 0.324500);
d3d_model_vertex_normal_texture(temp, 16.000000, 16.000008, 23.422897, 0.000000, 0.000000, 0.999969, 0.569620, 0.500000);
d3d_model_vertex_normal_texture(temp, 8.888889, 12.444452, 23.422901, 0.000000, 0.000000, 1.000000, 0.443038, 0.555556);
d3d_model_vertex_normal_texture(temp, -8.888889, 12.444452, 23.422901, 0.000000, 0.000000, 1.000000, 0.126582, 0.555555);
d3d_model_vertex_normal_texture(temp, 8.888889, -12.444456, 0.012275, 0.000000, 0.000000, 1.000000, 0.632911, 0.324500);
d3d_model_vertex_normal_texture(temp, 8.888889, -8.888901, 0.012270, 0.000000, 0.000000, 1.000000, 0.632911, 0.268945);
d3d_model_vertex_normal_texture(temp, 12.444445, -12.444456, 0.012275, 0.000000, 0.000000, 1.000000, 0.696202, 0.324500);
d3d_model_vertex_normal_texture(temp, -12.444445, 8.888878, 0.012247, 0.000000, 0.000000, 1.000000, 0.696202, 0.324500);
d3d_model_vertex_normal_texture(temp, -12.444445, 12.444433, 0.012242, 0.000000, 0.000000, 1.000000, 0.696202, 0.268945);
d3d_model_vertex_normal_texture(temp, -8.888889, 8.888878, 0.012247, 0.000000, 0.000000, 1.000000, 0.759493, 0.324500);
d3d_model_vertex_normal_texture(temp, 8.888889, 8.888878, 0.012247, 0.000000, 0.000000, 1.000000, 0.759493, 0.324500);
d3d_model_vertex_normal_texture(temp, 8.888889, 12.444433, 0.012242, 0.000000, 0.000000, 1.000000, 0.759493, 0.268945);
d3d_model_vertex_normal_texture(temp, 12.444445, 8.888878, 0.012247, 0.000000, 0.000000, 1.000000, 0.822784, 0.324500);
d3d_model_vertex_normal_texture(temp, 8.888889, 8.888897, 23.422905, 0.000000, -1.000000, 0.000000, 0.759493, 0.774833);
d3d_model_vertex_normal_texture(temp, 8.888889, 8.888878, 0.012247, 0.000000, -0.999969, 0.000000, 0.759493, 1.000000);
d3d_model_vertex_normal_texture(temp, 12.444445, 8.888897, 23.422905, 0.000000, -0.999969, 0.000000, 0.696202, 0.774833);
d3d_model_vertex_normal_texture(temp, 12.444445, -8.888882, 23.422928, 0.000000, 1.000000, 0.000000, 0.822784, 1.000000);
d3d_model_vertex_normal_texture(temp, 12.444445, -8.888901, 0.012270, 0.000000, 0.999969, 0.000000, 0.822784, 0.774833);
d3d_model_vertex_normal_texture(temp, 8.888889, -8.888882, 23.422928, 0.000000, 0.999969, 0.000000, 0.886076, 1.000000);
d3d_model_vertex_normal_texture(temp, 8.888889, -8.888882, 23.422928, 1.000000, 0.000000, 0.000000, 0.759493, 0.549667);
d3d_model_vertex_normal_texture(temp, 8.888889, -8.888901, 0.012270, 1.000000, 0.000000, 0.000000, 0.759493, 0.774833);
d3d_model_vertex_normal_texture(temp, 8.888889, -12.444437, 23.422932, 1.000000, 0.000000, 0.000000, 0.696202, 0.549667);
d3d_model_vertex_normal_texture(temp, -8.888889, -12.444456, 0.012275, -1.000000, 0.000000, 0.000000, 0.632911, 0.324500);
d3d_model_vertex_normal_texture(temp, -8.888889, -8.888901, 0.012270, -1.000000, 0.000000, 0.000000, 0.696202, 0.324500);
d3d_model_vertex_normal_texture(temp, -8.888889, -12.444437, 23.422932, -1.000000, 0.000000, 0.000000, 0.632911, 0.549667);
d3d_model_vertex_normal_texture(temp, 12.444445, 8.888878, 0.012247, -1.000000, 0.000000, 0.000000, 0.822784, 1.000000);
d3d_model_vertex_normal_texture(temp, 12.444445, 12.444433, 0.012242, -1.000000, 0.000000, 0.000000, 0.759493, 1.000000);
d3d_model_vertex_normal_texture(temp, 12.444445, 8.888897, 23.422905, -1.000000, 0.000000, 0.000000, 0.822784, 0.774833);
d3d_model_vertex_normal_texture(temp, 8.888889, -12.444437, 23.422932, 0.000000, -1.000000, 0.000000, 0.696202, 0.774833);
d3d_model_vertex_normal_texture(temp, 8.888889, -12.444456, 0.012275, 0.000000, -0.999969, 0.000000, 0.696202, 1.000000);
d3d_model_vertex_normal_texture(temp, 12.444445, -12.444437, 23.422932, 0.000000, -0.999969, 0.000000, 0.632911, 0.774833);
d3d_model_vertex_normal_texture(temp, -8.888889, 12.444452, 23.422901, 0.000000, 1.000000, 0.000000, 0.822784, 0.549667);
d3d_model_vertex_normal_texture(temp, -8.888889, 12.444433, 0.012242, 0.000000, 0.999969, 0.000000, 0.822784, 0.324500);
d3d_model_vertex_normal_texture(temp, -12.444445, 12.444452, 23.422901, 0.000000, 0.999969, 0.000000, 0.886076, 0.549667);
d3d_model_vertex_normal_texture(temp, -12.444445, 12.444452, 23.422901, 1.000000, 0.000000, 0.000000, 0.822784, 0.324500);
d3d_model_vertex_normal_texture(temp, -12.444445, 12.444433, 0.012242, 1.000000, 0.000000, 0.000000, 0.822784, 0.549667);
d3d_model_vertex_normal_texture(temp, -12.444445, 8.888897, 23.422905, 1.000000, 0.000000, 0.000000, 0.759493, 0.324500);
d3d_model_vertex_normal_texture(temp, -12.444445, 8.888897, 23.422905, 0.000000, -1.000000, 0.000000, 0.696202, 0.549667);
d3d_model_vertex_normal_texture(temp, -12.444445, 8.888878, 0.012247, 0.000000, -0.999969, 0.000000, 0.696202, 0.774833);
d3d_model_vertex_normal_texture(temp, -8.888889, 8.888897, 23.422905, 0.000000, -0.999969, 0.000000, 0.632911, 0.549667);
d3d_model_vertex_normal_texture(temp, 12.444445, -12.444456, 0.012275, -1.000000, 0.000000, 0.000000, 0.569620, 0.549667);
d3d_model_vertex_normal_texture(temp, 12.444445, -8.888901, 0.012270, -1.000000, 0.000000, 0.000000, 0.632911, 0.549667);
d3d_model_vertex_normal_texture(temp, 12.444445, -12.444437, 23.422932, -1.000000, 0.000000, 0.000000, 0.569620, 0.774833);
d3d_model_vertex_normal_texture(temp, -8.888889, -8.888882, 23.422928, 0.000000, 1.000000, 0.000000, 0.822784, 0.774833);
d3d_model_vertex_normal_texture(temp, -8.888889, -8.888901, 0.012270, 0.000000, 0.999969, 0.000000, 0.822784, 0.549667);
d3d_model_vertex_normal_texture(temp, -12.444445, -8.888882, 23.422928, 0.000000, 0.999969, 0.000000, 0.886076, 0.774833);
d3d_model_vertex_normal_texture(temp, 12.444445, 12.444452, 23.422901, 0.000000, 1.000000, 0.000000, 0.886076, 1.000000);
d3d_model_vertex_normal_texture(temp, 12.444445, 12.444433, 0.012242, 0.000000, 0.999969, 0.000000, 0.886076, 0.774834);
d3d_model_vertex_normal_texture(temp, 8.888889, 12.444452, 23.422901, 0.000000, 0.999969, 0.000000, 0.949367, 1.000000);
d3d_model_primitive_end(temp);
return temp;