var temp;
temp = d3d_model_create();
d3d_model_primitive_begin(temp,pr_trianglelist);
d3d_model_vertex_normal_texture(temp, 16.047579, -0.745998, 97.576958, -0.031312, -0.926603, -0.374645, 0.498999, 0.179816);
d3d_model_vertex_normal_texture(temp, 47.621574, 10.775152, 139.488007, -0.568224, 0.166143, -0.805902, 0.168669, 0.091910);
d3d_model_vertex_normal_texture(temp, 15.979531, 1.416787, 99.122231, 0.625385, -0.053133, -0.778466, 0.498999, 0.091910);
d3d_model_vertex_normal_texture(temp, 15.911486, 3.579571, 97.576958, 0.379467, 0.822565, -0.423475, 0.498999, 0.001001);
d3d_model_vertex_normal_texture(temp, 47.621574, 10.775152, 139.488007, -0.568224, 0.166143, -0.805902, 0.168669, 0.001001);
d3d_model_vertex_normal_texture(temp, 18.414694, 4.534814, 95.109993, -0.304788, 0.853694, 0.422193, 0.498999, 0.088907);
d3d_model_vertex_normal_texture(temp, 18.440805, 0.144002, 95.109993, -0.560930, -0.732017, 0.386608, 0.167668, 0.002002);
d3d_model_vertex_normal_texture(temp, 47.621574, 10.775152, 139.488007, -0.568224, 0.166143, -0.805902, 0.497998, 0.089908);
d3d_model_vertex_normal_texture(temp, 16.047579, -0.745998, 97.576958, -0.031312, -0.926603, -0.374645, 0.167668, 0.089908);
d3d_model_vertex_normal_texture(temp, 6.688151, 5.142375, -0.278011, -0.901517, 0.423109, -0.090396, 0.417668, 0.817181);
d3d_model_vertex_normal_texture(temp, 5.329280, -4.354777, 14.114983, -0.925291, -0.372417, -0.071322, 0.582332, 0.637365);
d3d_model_vertex_normal_texture(temp, 6.660675, -4.835624, -0.278011, -0.925413, -0.368267, -0.089297, 0.417668, 0.637365);
d3d_model_vertex_normal_texture(temp, -10.058280, 9.554662, 14.114983, 0.421125, 0.902951, -0.085299, 0.001001, 0.817181);
d3d_model_vertex_normal_texture(temp, -17.337322, 3.831520, -0.278011, 0.942045, 0.325236, -0.082217, 0.165666, 0.637365);
d3d_model_vertex_normal_texture(temp, -16.005928, 3.350668, 14.114983, 0.941832, 0.324778, -0.086123, 0.001001, 0.637365);
d3d_model_vertex_normal_texture(temp, -15.141515, -5.103022, 14.114983, 0.902219, -0.424177, -0.077609, 0.167668, 0.817181);
d3d_model_vertex_normal_texture(temp, -9.671897, -12.501051, -0.278011, 0.366771, -0.926695, -0.081606, 0.332332, 0.637365);
d3d_model_vertex_normal_texture(temp, -9.191050, -11.169657, 14.114983, 0.370251, -0.925077, -0.084414, 0.167668, 0.637365);
d3d_model_vertex_normal_texture(temp, -0.480027, -10.853534, 14.114983, -0.420911, -0.904172, -0.072512, 0.167668, 0.635363);
d3d_model_vertex_normal_texture(temp, 6.660675, -4.835624, -0.278011, -0.925413, -0.368267, -0.089297, 0.332332, 0.455546);
d3d_model_vertex_normal_texture(temp, 5.329280, -4.354777, 14.114983, -0.925291, -0.372417, -0.071322, 0.167668, 0.455546);
d3d_model_vertex_normal_texture(temp, 5.782028, 4.717101, 14.114983, -0.903897, 0.422559, -0.065950, 0.498999, 0.364637);
d3d_model_vertex_normal_texture(temp, 1.031636, -4.626314, 84.673454, -0.640278, -0.759789, 0.112735, 0.167668, 0.453544);
d3d_model_vertex_normal_texture(temp, 5.329280, -4.354777, 14.114983, -0.925291, -0.372417, -0.071322, 0.498999, 0.453544);
d3d_model_vertex_normal_texture(temp, 0.470617, 3.706530, 91.233711, -0.188574, 0.923521, -0.333903, 0.001001, 0.271726);
d3d_model_vertex_normal_texture(temp, 15.979531, 1.416787, 99.122231, 0.625385, -0.053133, -0.778466, 0.082332, 0.091910);
d3d_model_vertex_normal_texture(temp, 15.911486, 3.579571, 97.576958, 0.379467, 0.822565, -0.423475, 0.001001, 0.091910);
d3d_model_vertex_normal_texture(temp, 0.759777, 4.014477, 84.673454, -0.458296, 0.880001, 0.124516, 0.665666, 0.546456);
d3d_model_vertex_normal_texture(temp, 19.336548, 2.223283, 94.613136, -0.727317, -0.025727, 0.685781, 0.334334, 0.635363);
d3d_model_vertex_normal_texture(temp, 2.429355, 0.413873, 82.883568, -0.924375, 0.077700, 0.373424, 0.665666, 0.635363);
d3d_model_vertex_normal_texture(temp, -1.004750, 11.496943, -0.278011, -0.292673, 0.951964, -0.089877, 0.165666, 0.635363);
d3d_model_vertex_normal_texture(temp, -10.058280, 9.554662, 14.114983, 0.421125, 0.902951, -0.085299, 0.001001, 0.455546);
d3d_model_vertex_normal_texture(temp, -1.485601, 10.165549, 14.114983, -0.279519, 0.956664, -0.081210, 0.001001, 0.635363);
d3d_model_vertex_normal_texture(temp, -9.671897, -12.501051, -0.278011, 0.366771, -0.926695, -0.081606, 0.582332, 0.998999);
d3d_model_vertex_normal_texture(temp, -0.480027, -10.853534, 14.114983, -0.420911, -0.904172, -0.072512, 0.417668, 0.819183);
d3d_model_vertex_normal_texture(temp, -9.191050, -11.169657, 14.114983, 0.370251, -0.925077, -0.084414, 0.417668, 0.998999);
d3d_model_vertex_normal_texture(temp, 1.031636, -4.626314, 84.673454, -0.640278, -0.759789, 0.112735, 0.584334, 0.998999);
d3d_model_vertex_normal_texture(temp, 19.336548, 2.223283, 94.613136, -0.727317, -0.025727, 0.685781, 0.665666, 0.637365);
d3d_model_vertex_normal_texture(temp, 18.440805, 0.144002, 95.109993, -0.560930, -0.732017, 0.386608, 0.584334, 0.637365);
d3d_model_vertex_normal_texture(temp, 0.723689, -4.337153, 91.233711, -0.450667, -0.845210, -0.287149, 0.665666, 0.182819);
d3d_model_vertex_normal_texture(temp, 15.979531, 1.416787, 99.122231, 0.625385, -0.053133, -0.778466, 0.501001, 0.271726);
d3d_model_vertex_normal_texture(temp, 0.597152, -0.315312, 93.012337, -0.554796, 0.010315, -0.831874, 0.665666, 0.271726);
d3d_model_vertex_normal_texture(temp, -1.485601, 10.165549, 14.114983, -0.279519, 0.956664, -0.081210, 0.665666, 0.453544);
d3d_model_vertex_normal_texture(temp, 6.688151, 5.142375, -0.278011, -0.901517, 0.423109, -0.090396, 0.501001, 0.273728);
d3d_model_vertex_normal_texture(temp, -1.004750, 11.496943, -0.278011, -0.292673, 0.951964, -0.089877, 0.501001, 0.453544);
d3d_model_vertex_normal_texture(temp, -17.337322, 3.831520, -0.278011, 0.942045, 0.325236, -0.082217, 0.165666, 0.453544);
d3d_model_vertex_normal_texture(temp, -15.141515, -5.103022, 14.114983, 0.902219, -0.424177, -0.077609, 0.001001, 0.273728);
d3d_model_vertex_normal_texture(temp, -16.005928, 3.350668, 14.114983, 0.941832, 0.324778, -0.086123, 0.001001, 0.453544);
d3d_model_vertex_normal_texture(temp, 0.759777, 4.014477, 84.673454, -0.458296, 0.880001, 0.124516, 0.748999, 0.182819);
d3d_model_vertex_normal_texture(temp, 5.782028, 4.717101, 14.114983, -0.903897, 0.422559, -0.065950, 0.667668, 0.544454);
d3d_model_vertex_normal_texture(temp, -1.485601, 10.165549, 14.114983, -0.279519, 0.956664, -0.081210, 0.748999, 0.544454);
d3d_model_vertex_normal_texture(temp, 0.759777, 4.014477, 84.673454, -0.458296, 0.880001, 0.124516, 0.498999, 0.362635);
d3d_model_vertex_normal_texture(temp, 15.911486, 3.579571, 97.576958, 0.379467, 0.822565, -0.423475, 0.167668, 0.273728);
d3d_model_vertex_normal_texture(temp, 18.414694, 4.534814, 95.109993, -0.304788, 0.853694, 0.422193, 0.167668, 0.362635);
d3d_model_vertex_normal_texture(temp, 1.031636, -4.626314, 84.673454, -0.640278, -0.759789, 0.112735, 0.748999, 0.908090);
d3d_model_vertex_normal_texture(temp, 16.047579, -0.745998, 97.576958, -0.031312, -0.926603, -0.374645, 0.667668, 0.546456);
d3d_model_vertex_normal_texture(temp, 0.723689, -4.337153, 91.233711, -0.450667, -0.845210, -0.287149, 0.667668, 0.908090);
d3d_model_vertex_normal_texture(temp, 0.759777, 4.014477, 84.673454, -0.458296, 0.880001, 0.124516, 0.665666, 0.455546);
d3d_model_vertex_normal_texture(temp, -10.058280, 9.554662, 14.114983, 0.421125, 0.902951, -0.085299, 0.334334, 0.544454);
d3d_model_vertex_normal_texture(temp, -5.983701, 6.753057, 81.076897, -0.075503, 0.995636, -0.054811, 0.665666, 0.544454);
d3d_model_vertex_normal_texture(temp, -0.480027, -10.853534, 14.114983, -0.420911, -0.904172, -0.072512, 0.832332, 0.546456);
d3d_model_vertex_normal_texture(temp, 1.031636, -4.626314, 84.673454, -0.640278, -0.759789, 0.112735, 0.751001, 0.908090);
d3d_model_vertex_normal_texture(temp, -4.448346, -8.278339, 81.076897, -0.194769, -0.980163, -0.036470, 0.832332, 0.908090);
d3d_model_vertex_normal_texture(temp, 0.759777, 4.014477, 84.673454, -0.458296, 0.880001, 0.124516, 0.165666, 0.182819);
d3d_model_vertex_normal_texture(temp, -5.983701, 6.753057, 81.076897, -0.075503, 0.995636, -0.054811, 0.165666, 0.270725);
d3d_model_vertex_normal_texture(temp, 0.470617, 3.706530, 91.233711, -0.188574, 0.923521, -0.333903, 0.085335, 0.182819);
d3d_model_vertex_normal_texture(temp, -5.983701, 6.753057, 81.076897, -0.075503, 0.995636, -0.054811, 0.498999, 0.182819);
d3d_model_vertex_normal_texture(temp, -16.005928, 3.350668, 14.114983, 0.941832, 0.324778, -0.086123, 0.167668, 0.271726);
d3d_model_vertex_normal_texture(temp, -11.839138, 5.602170, 81.076897, 0.710776, 0.703177, -0.016449, 0.498999, 0.271726);
d3d_model_vertex_normal_texture(temp, -12.524286, -1.114975, 81.076897, 0.997864, -0.045351, 0.046449, 0.832332, 0.544454);
d3d_model_vertex_normal_texture(temp, -9.191050, -11.169657, 14.114983, 0.370251, -0.925077, -0.084414, 0.751001, 0.182819);
d3d_model_vertex_normal_texture(temp, -11.442554, -7.002866, 81.076897, 0.702475, -0.710379, 0.042970, 0.751001, 0.544454);
d3d_model_vertex_normal_texture(temp, -11.442554, -7.002866, 81.076897, 0.702475, -0.710379, 0.042970, 0.832332, 0.091910);
d3d_model_vertex_normal_texture(temp, -0.480027, -10.853534, 14.114983, -0.420911, -0.904172, -0.072512, 0.501001, 0.180817);
d3d_model_vertex_normal_texture(temp, -4.448346, -8.278339, 81.076897, -0.194769, -0.980163, -0.036470, 0.832332, 0.180817);
d3d_model_vertex_normal_texture(temp, -11.839138, 5.602170, 81.076897, 0.710776, 0.703177, -0.016449, 0.915666, 0.908090);
d3d_model_vertex_normal_texture(temp, -15.141515, -5.103022, 14.114983, 0.902219, -0.424177, -0.077609, 0.834334, 0.546456);
d3d_model_vertex_normal_texture(temp, -12.524286, -1.114975, 81.076897, 0.997864, -0.045351, 0.046449, 0.834334, 0.908090);
d3d_model_vertex_normal_texture(temp, -4.448346, -8.278339, 81.076897, -0.194769, -0.980163, -0.036470, 0.084334, 0.183820);
d3d_model_vertex_normal_texture(temp, 1.031636, -4.626314, 84.673454, -0.640278, -0.759789, 0.112735, 0.084334, 0.271726);
d3d_model_vertex_normal_texture(temp, 0.723689, -4.337153, 91.233711, -0.450667, -0.845210, -0.287149, 0.164665, 0.271726);
d3d_model_vertex_normal_texture(temp, -5.983701, 6.753057, 81.076897, -0.075503, 0.995636, -0.054811, 0.335335, 0.637365);
d3d_model_vertex_normal_texture(temp, -11.839138, 5.602170, 81.076897, 0.710776, 0.703177, -0.016449, 0.415666, 0.637365);
d3d_model_vertex_normal_texture(temp, -22.997120, -8.789919, 185.272797, 0.170843, -0.078066, -0.982177, 0.415666, 0.997998);
d3d_model_vertex_normal_texture(temp, -12.524286, -1.114975, 81.076897, 0.997864, -0.045351, 0.046449, 0.414665, 0.998999);
d3d_model_vertex_normal_texture(temp, -11.442554, -7.002866, 81.076897, 0.702475, -0.710379, 0.042970, 0.334334, 0.998999);
d3d_model_vertex_normal_texture(temp, -22.997120, -8.789919, 185.272797, 0.170843, -0.078066, -0.982177, 0.334334, 0.638366);
d3d_model_vertex_normal_texture(temp, -4.448346, -8.278339, 81.076897, -0.194769, -0.980163, -0.036470, 0.332332, 0.997998);
d3d_model_vertex_normal_texture(temp, 0.723689, -4.337153, 91.233711, -0.450667, -0.845210, -0.287149, 0.332332, 0.819183);
d3d_model_vertex_normal_texture(temp, -22.997120, -8.789919, 185.272797, 0.170843, -0.078066, -0.982177, 0.002002, 0.819183);
d3d_model_vertex_normal_texture(temp, 0.470617, 3.706530, 91.233711, -0.188574, 0.923521, -0.333903, 0.001001, 0.998999);
d3d_model_vertex_normal_texture(temp, -5.983701, 6.753057, 81.076897, -0.075503, 0.995636, -0.054811, 0.001001, 0.820184);
d3d_model_vertex_normal_texture(temp, -22.997120, -8.789919, 185.272797, 0.170843, -0.078066, -0.982177, 0.331331, 0.998999);
d3d_model_vertex_normal_texture(temp, -11.442554, -7.002866, 81.076897, 0.702475, -0.710379, 0.042970, 0.998999, 0.546456);
d3d_model_vertex_normal_texture(temp, -4.448346, -8.278339, 81.076897, -0.194769, -0.980163, -0.036470, 0.918669, 0.546456);
d3d_model_vertex_normal_texture(temp, -22.997120, -8.789919, 185.272797, 0.170843, -0.078066, -0.982177, 0.998999, 0.907089);
d3d_model_vertex_normal_texture(temp, -11.839138, 5.602170, 81.076897, 0.710776, 0.703177, -0.016449, 0.997998, 0.908090);
d3d_model_vertex_normal_texture(temp, -12.524286, -1.114975, 81.076897, 0.997864, -0.045351, 0.046449, 0.917668, 0.908090);
d3d_model_vertex_normal_texture(temp, -22.997120, -8.789919, 185.272797, 0.170843, -0.078066, -0.982177, 0.917668, 0.547457);
d3d_model_vertex_normal_texture(temp, -22.997120, -8.789919, 185.272797, 0.170843, -0.078066, -0.982177, 0.502002, 0.001001);
d3d_model_vertex_normal_texture(temp, 0.723689, -4.337153, 91.233711, -0.450667, -0.845210, -0.287149, 0.832332, 0.001001);
d3d_model_vertex_normal_texture(temp, 0.597152, -0.315312, 93.012337, -0.554796, 0.010315, -0.831874, 0.832332, 0.088907);
d3d_model_vertex_normal_texture(temp, -22.997120, -8.789919, 185.272797, 0.170843, -0.078066, -0.982177, 0.831331, 0.089908);
d3d_model_vertex_normal_texture(temp, 0.597152, -0.315312, 93.012337, -0.554796, 0.010315, -0.831874, 0.501001, 0.089908);
d3d_model_vertex_normal_texture(temp, 0.470617, 3.706530, 91.233711, -0.188574, 0.923521, -0.333903, 0.501001, 0.002002);
d3d_model_vertex_normal_texture(temp, 19.336548, 2.223283, 94.613136, -0.727317, -0.025727, 0.685781, 0.915666, 0.182819);
d3d_model_vertex_normal_texture(temp, 47.621574, 10.775152, 139.488007, -0.568224, 0.166143, -0.805902, 0.915666, 0.543453);
d3d_model_vertex_normal_texture(temp, 18.440805, 0.144002, 95.109993, -0.560930, -0.732017, 0.386608, 0.835335, 0.182819);
d3d_model_vertex_normal_texture(temp, 18.414694, 4.534814, 95.109993, -0.304788, 0.853694, 0.422193, 0.834334, 0.544454);
d3d_model_vertex_normal_texture(temp, 47.621574, 10.775152, 139.488007, -0.568224, 0.166143, -0.805902, 0.834334, 0.183820);
d3d_model_vertex_normal_texture(temp, 19.336548, 2.223283, 94.613136, -0.727317, -0.025727, 0.685781, 0.914665, 0.544454);
d3d_model_vertex_normal_texture(temp, 15.979531, 1.416787, 99.122231, 0.625385, -0.053133, -0.778466, 0.167668, 0.092911);
d3d_model_vertex_normal_texture(temp, 47.621574, 10.775152, 139.488007, -0.568224, 0.166143, -0.805902, 0.497998, 0.180817);
d3d_model_vertex_normal_texture(temp, 15.911486, 3.579571, 97.576958, 0.379467, 0.822565, -0.423475, 0.167668, 0.180817);
d3d_model_vertex_normal_texture(temp, 5.782028, 4.717101, 14.114983, -0.903897, 0.422559, -0.065950, 0.582332, 0.817181);
d3d_model_vertex_normal_texture(temp, 5.329280, -4.354777, 14.114983, -0.925291, -0.372417, -0.071322, 0.582332, 0.637365);
d3d_model_vertex_normal_texture(temp, 6.688151, 5.142375, -0.278011, -0.901517, 0.423109, -0.090396, 0.417668, 0.817181);
d3d_model_vertex_normal_texture(temp, -10.483552, 10.460785, -0.278011, 0.423841, 0.903073, -0.069369, 0.165666, 0.817181);
d3d_model_vertex_normal_texture(temp, -17.337322, 3.831520, -0.278011, 0.942045, 0.325236, -0.082217, 0.165666, 0.637365);
d3d_model_vertex_normal_texture(temp, -10.058280, 9.554662, 14.114983, 0.421125, 0.902951, -0.085299, 0.001001, 0.817181);
d3d_model_vertex_normal_texture(temp, -16.047634, -5.528292, -0.278011, 0.903073, -0.423841, -0.069369, 0.332332, 0.817181);
d3d_model_vertex_normal_texture(temp, -9.671897, -12.501051, -0.278011, 0.366771, -0.926695, -0.081606, 0.332332, 0.637365);
d3d_model_vertex_normal_texture(temp, -15.141515, -5.103022, 14.114983, 0.902219, -0.424177, -0.077609, 0.167668, 0.817181);
d3d_model_vertex_normal_texture(temp, -0.054754, -11.759653, -0.278011, -0.423841, -0.903073, -0.069369, 0.332332, 0.635363);
d3d_model_vertex_normal_texture(temp, 6.660675, -4.835624, -0.278011, -0.925413, -0.368267, -0.089297, 0.332332, 0.455546);
d3d_model_vertex_normal_texture(temp, -0.480027, -10.853534, 14.114983, -0.420911, -0.904172, -0.072512, 0.167668, 0.635363);
d3d_model_vertex_normal_texture(temp, 2.429355, 0.413873, 82.883568, -0.924375, 0.077700, 0.373424, 0.167668, 0.364637);
d3d_model_vertex_normal_texture(temp, 1.031636, -4.626314, 84.673454, -0.640278, -0.759789, 0.112735, 0.167668, 0.453544);
d3d_model_vertex_normal_texture(temp, 5.782028, 4.717101, 14.114983, -0.903897, 0.422559, -0.065950, 0.498999, 0.364637);
d3d_model_vertex_normal_texture(temp, 0.597152, -0.315312, 93.012337, -0.554796, 0.010315, -0.831874, 0.082332, 0.271726);
d3d_model_vertex_normal_texture(temp, 15.979531, 1.416787, 99.122231, 0.625385, -0.053133, -0.778466, 0.082332, 0.091910);
d3d_model_vertex_normal_texture(temp, 0.470617, 3.706530, 91.233711, -0.188574, 0.923521, -0.333903, 0.001001, 0.271726);
d3d_model_vertex_normal_texture(temp, 18.414694, 4.534814, 95.109993, -0.304788, 0.853694, 0.422193, 0.334334, 0.546456);
d3d_model_vertex_normal_texture(temp, 19.336548, 2.223283, 94.613136, -0.727317, -0.025727, 0.685781, 0.334334, 0.635363);
d3d_model_vertex_normal_texture(temp, 0.759777, 4.014477, 84.673454, -0.458296, 0.880001, 0.124516, 0.665666, 0.546456);
d3d_model_vertex_normal_texture(temp, -10.483552, 10.460785, -0.278011, 0.423841, 0.903073, -0.069369, 0.165666, 0.455546);
d3d_model_vertex_normal_texture(temp, -10.058280, 9.554662, 14.114983, 0.421125, 0.902951, -0.085299, 0.001001, 0.455546);
d3d_model_vertex_normal_texture(temp, -1.004750, 11.496943, -0.278011, -0.292673, 0.951964, -0.089877, 0.165666, 0.635363);
d3d_model_vertex_normal_texture(temp, -0.054754, -11.759653, -0.278011, -0.423841, -0.903073, -0.069369, 0.582332, 0.819183);
d3d_model_vertex_normal_texture(temp, -0.480027, -10.853534, 14.114983, -0.420911, -0.904172, -0.072512, 0.417668, 0.819183);
d3d_model_vertex_normal_texture(temp, -9.671897, -12.501051, -0.278011, 0.366771, -0.926695, -0.081606, 0.582332, 0.998999);
d3d_model_vertex_normal_texture(temp, 2.429355, 0.413873, 82.883568, -0.924375, 0.077700, 0.373424, 0.665666, 0.998999);
d3d_model_vertex_normal_texture(temp, 19.336548, 2.223283, 94.613136, -0.727317, -0.025727, 0.685781, 0.665666, 0.637365);
d3d_model_vertex_normal_texture(temp, 1.031636, -4.626314, 84.673454, -0.640278, -0.759789, 0.112735, 0.584334, 0.998999);
d3d_model_vertex_normal_texture(temp, 16.047579, -0.745998, 97.576958, -0.031312, -0.926603, -0.374645, 0.501001, 0.182819);
d3d_model_vertex_normal_texture(temp, 15.979531, 1.416787, 99.122231, 0.625385, -0.053133, -0.778466, 0.501001, 0.271726);
d3d_model_vertex_normal_texture(temp, 0.723689, -4.337153, 91.233711, -0.450667, -0.845210, -0.287149, 0.665666, 0.182819);
d3d_model_vertex_normal_texture(temp, 5.782028, 4.717101, 14.114983, -0.903897, 0.422559, -0.065950, 0.665666, 0.273728);
d3d_model_vertex_normal_texture(temp, 6.688151, 5.142375, -0.278011, -0.901517, 0.423109, -0.090396, 0.501001, 0.273728);
d3d_model_vertex_normal_texture(temp, -1.485601, 10.165549, 14.114983, -0.279519, 0.956664, -0.081210, 0.665666, 0.453544);
d3d_model_vertex_normal_texture(temp, -16.047634, -5.528292, -0.278011, 0.903073, -0.423841, -0.069369, 0.165666, 0.273728);
d3d_model_vertex_normal_texture(temp, -15.141515, -5.103022, 14.114983, 0.902219, -0.424177, -0.077609, 0.001001, 0.273728);
d3d_model_vertex_normal_texture(temp, -17.337322, 3.831520, -0.278011, 0.942045, 0.325236, -0.082217, 0.165666, 0.453544);
d3d_model_vertex_normal_texture(temp, 2.429355, 0.413873, 82.883568, -0.924375, 0.077700, 0.373424, 0.667668, 0.182819);
d3d_model_vertex_normal_texture(temp, 5.782028, 4.717101, 14.114983, -0.903897, 0.422559, -0.065950, 0.667668, 0.544454);
d3d_model_vertex_normal_texture(temp, 0.759777, 4.014477, 84.673454, -0.458296, 0.880001, 0.124516, 0.748999, 0.182819);
d3d_model_vertex_normal_texture(temp, 0.470617, 3.706530, 91.233711, -0.188574, 0.923521, -0.333903, 0.498999, 0.273728);
d3d_model_vertex_normal_texture(temp, 15.911486, 3.579571, 97.576958, 0.379467, 0.822565, -0.423475, 0.167668, 0.273728);
d3d_model_vertex_normal_texture(temp, 0.759777, 4.014477, 84.673454, -0.458296, 0.880001, 0.124516, 0.498999, 0.362635);
d3d_model_vertex_normal_texture(temp, 18.440805, 0.144002, 95.109993, -0.560930, -0.732017, 0.386608, 0.748999, 0.546456);
d3d_model_vertex_normal_texture(temp, 16.047579, -0.745998, 97.576958, -0.031312, -0.926603, -0.374645, 0.667668, 0.546456);
d3d_model_vertex_normal_texture(temp, 1.031636, -4.626314, 84.673454, -0.640278, -0.759789, 0.112735, 0.748999, 0.908090);
d3d_model_vertex_normal_texture(temp, -1.485601, 10.165549, 14.114983, -0.279519, 0.956664, -0.081210, 0.334334, 0.455546);
d3d_model_vertex_normal_texture(temp, -10.058280, 9.554662, 14.114983, 0.421125, 0.902951, -0.085299, 0.334334, 0.544454);
d3d_model_vertex_normal_texture(temp, 0.759777, 4.014477, 84.673454, -0.458296, 0.880001, 0.124516, 0.665666, 0.455546);
d3d_model_vertex_normal_texture(temp, 5.329280, -4.354777, 14.114983, -0.925291, -0.372417, -0.071322, 0.751001, 0.546456);
d3d_model_vertex_normal_texture(temp, 1.031636, -4.626314, 84.673454, -0.640278, -0.759789, 0.112735, 0.751001, 0.908090);
d3d_model_vertex_normal_texture(temp, -0.480027, -10.853534, 14.114983, -0.420911, -0.904172, -0.072512, 0.832332, 0.546456);
d3d_model_vertex_normal_texture(temp, -10.058280, 9.554662, 14.114983, 0.421125, 0.902951, -0.085299, 0.167668, 0.182819);
d3d_model_vertex_normal_texture(temp, -16.005928, 3.350668, 14.114983, 0.941832, 0.324778, -0.086123, 0.167668, 0.271726);
d3d_model_vertex_normal_texture(temp, -5.983701, 6.753057, 81.076897, -0.075503, 0.995636, -0.054811, 0.498999, 0.182819);
d3d_model_vertex_normal_texture(temp, -15.141515, -5.103022, 14.114983, 0.902219, -0.424177, -0.077609, 0.832332, 0.182819);
d3d_model_vertex_normal_texture(temp, -9.191050, -11.169657, 14.114983, 0.370251, -0.925077, -0.084414, 0.751001, 0.182819);
d3d_model_vertex_normal_texture(temp, -12.524286, -1.114975, 81.076897, 0.997864, -0.045351, 0.046449, 0.832332, 0.544454);
d3d_model_vertex_normal_texture(temp, -9.191050, -11.169657, 14.114983, 0.370251, -0.925077, -0.084414, 0.501001, 0.091910);
d3d_model_vertex_normal_texture(temp, -0.480027, -10.853534, 14.114983, -0.420911, -0.904172, -0.072512, 0.501001, 0.180817);
d3d_model_vertex_normal_texture(temp, -11.442554, -7.002866, 81.076897, 0.702475, -0.710379, 0.042970, 0.832332, 0.091910);
d3d_model_vertex_normal_texture(temp, -16.005928, 3.350668, 14.114983, 0.941832, 0.324778, -0.086123, 0.915666, 0.546456);
d3d_model_vertex_normal_texture(temp, -15.141515, -5.103022, 14.114983, 0.902219, -0.424177, -0.077609, 0.834334, 0.546456);
d3d_model_vertex_normal_texture(temp, -11.839138, 5.602170, 81.076897, 0.710776, 0.703177, -0.016449, 0.915666, 0.908090);
d3d_model_primitive_end(temp);
return temp;